1
 17763
 15.42
 90950
 78.96
 108713
2
 12318
 14.33
 69159
 80.50
 81477
3
 19853
 18.38
 84223
 77.99
 104076
4
 18663
 16.02
 93081
 79.93
 111744
5
 12356
 10.57
 99762
 85.41
 112118
6
 17955
 17.44
 80839
 78.54
 98794
7
 15068
 15.46
 76372
 78.37
 91440
8
 18925
 23.76
 58075
 72.93
 77000
9
 17854
 18.26
 75360
 77.10
 93214
10
 30960
 23.90
 93423
 72.12
 124383
11
 97624
 71.47
 29547
 21.63
 127171
12
 80190
 74.16
 21520
 19.90
 101710
13
 88066
 75.93
 23205
 20.00
 111271
14
 77642
 66.50
 34114
 29.22
 111756
15
 86593
 74.04
 25951
 22.19
 112544
16
 89278
 73.11
 28018
 22.94
 117296
17
 78651
 68.88
 31222
 27.34
 109873
18
 69057
 64.19
 34056
 31.65
 103113
19
 90239
 82.16
 15180
 13.82
 105419
20
 106755
 84.52
 15279
 12.09
 122034
21
 92869
 77.88
 21125
 17.71
 113994
22
 94011
 80.40
 16033
 13.71
 110044
23
 107980
 83.98
 16595
 12.90
 124575
24
 24200
 28.33
 52753
 61.75
 76953
25
 32013
 27.47
 72286
 62.03
 104299
26
 28292
 32.68
 48557
 56.09
 76849
27
 22792
 29.01
 47782
 60.81
 70574
28
 31072
 31.35
 57879
 58.40
 88951
29
 26476
 29.24
 55290
 61.07
 81766
30
 46663
 35.45
 73634
 55.95
 120297
31
 37588
 30.06
 77498
 61.98
 115086
32
 36921
 28.16
 83662
 63.81
 120583
33
 32135
 26.85
 77817
 65.02
 109952
34
 28466
 30.95
 57081
 62.07
 85547
35
 40217
 34.74
 67260
 58.10
 107477
36
 40398
 27.88
 94474
 65.22
 134872
37
 26379
 24.32
 75700
 69.79
 102079
38
 31462
 25.00
 86124
 68.44
 117586
39
 23142
 25.42
 62676
 68.84
 85818
40
 28105
 28.48
 63801
 64.65
 91906
41
 7451
 5.70
 119393
 91.37
 126844
42
 10447
 9.44
 95317
 86.19
 105764
43
 8594
 6.93
 111032
 89.61
 119626
44
 9199
 6.51
 127554
 90.27
 136753
45
 10090
 7.18
 125180
 89.18
 135270
46
 8259
 6.38
 117512
 90.91
 125771
47
 7716
 6.95
 99566
 89.73
 107282
48
 11516
 9.57
 104088
 86.57
 115604
49
 9058
 7.32
 110546
 89.34
 119604
50
 9340
 7.07
 118906
 90.02
 128246
51
 6268
 5.47
 105229
 91.88
 111497
52
 5990
 4.62
 120062
 92.76
 126052
53
 5083
 4.58
 103125
 92.98
 108208
54
 4334
 4.03
 100584
 93.68
 104918
55
 5140
 4.62
 102977
 92.60
 108117
56
 4174
 3.87
 101205
 93.98
 105379
57
 7298
 5.47
 122141
 91.55
 129439
58
 8707
 6.87
 113085
 89.24
 121792
59
 11142
 8.52
 114294
 87.43
 125436
60
 10336
 8.16
 112325
 88.74
 122661
61
 8131
 6.84
 107155
 90.19
 115286
62
 5547
 4.93
 104246
 92.67
 109793
63
 82787
 57.14
 51194
 35.33
 133981
64
 71741
 60.28
 40820
 34.29
 112561
65
 52305
 45.09
 57302
 49.40
 109607
66
 64442
 57.25
 42238
 37.52
 106680
67
 68503
 62.79
 34732
 31.83
 103235
68
 65511
 63.43
 32409
 31.38
 97920
69
 57270
 58.87
 32577
 33.49
 89847
70
 35034
 43.46
 38937
 48.31
 73971
71
 55006
 59.23
 32488
 34.98
 87494
72
 47911
 50.17
 40895
 42.82
 88806
73
 51533
 53.48
 39520
 41.01
 91053
74
 32877
 41.78
 40500
 51.46
 73377
75
 30895
 27.26
 73565
 64.92
 104460
76
 32849
 28.83
 71701
 62.94
 104550
77
 34538
 28.50
 76610
 63.23
 111148
78
 20799
 24.41
 58166
 68.28
 78965
79
 20100
 17.79
 87158
 77.14
 107258
80
 25098
 20.03
 93385
 74.55
 118483
81
 14774
 12.56
 97638
 83.02
 112412
82
 20665
 17.20
 94383
 78.57
 115048
83
 27813
 24.37
 79326
 69.51
 107139
84
 104375
 82.22
 14347
 11.30
 118722
85
 111669
 91.02
 7143
 5.82
 118812
86
 139268
 90.88
 8867
 5.78
 148135
87
 132472
 91.46
 7133
 4.92
 139605
88
 83894
 89.79
 6180
 6.61
 90074
89
 80550
 87.77
 7407
 8.07
 87957
90
 79630
 88.07
 6772
 7.49
 86402
91
 97434
 68.69
 34853
 24.57
 132287
92
 47208
 68.80
 16753
 24.41
 63961
93
 62443
 72.40
 19180
 22.23
 81623
94
 59526
 71.41
 19376
 23.24
 78902
95
 73835
 71.36
 22779
 22.01
 96614
96
 96711
 70.19
 30545
 22.16
 127256
97
 63532
 68.88
 22375
 24.25
 85907
98
 89656
 67.46
 33710
 25.36
 123366
99
 88188
 69.51
 30287
 23.87
 118475
100
 73174
 58.91
 42546
 34.25
 115720
101
 50275
 55.34
 36423
 40.09
 86698
102
 55154
 61.41
 30195
 33.62
 85349
103
 56954
 52.63
 45370
 41.93
 102324
104
 45952
 45.09
 49465
 48.54
 95417
105
 9907
 8.25
 105466
 87.86
 115373
106
 10562
 9.02
 101699
 86.90
 112261
107
 7638
 7.73
 87746
 88.89
 95384
108
 11444
 8.78
 113765
 87.34
 125209
109
 7738
 6.54
 107335
 90.74
 115073
110
 6610
 5.69
 105927
 91.31
 112537
111
 5654
 5.00
 104396
 92.42
 110050
112
 9758
 7.93
 109321
 88.86
 119079
113
 8627
 7.78
 98588
 88.97
 107215
114
 10852
 8.81
 108364
 88.03
 119216
115
 12912
 10.39
 107153
 86.26
 120065
116
 5821
 5.99
 88162
 90.82
 93983
117
 84313
 75.29
 18021
 16.09
 102334
118
 68479
 78.71
 11749
 13.50
 80228
119
 59620
 73.07
 14903
 18.26
 74523
120
 116118
 80.03
 17370
 11.97
 133488
121
 120634
 88.78
 10107
 7.43
 130741
122
 92018
 90.29
 5675
 5.56
 97693
123
 124085
 88.23
 11201
 7.96
 135286
124
 141580
 89.89
 9140
 5.80
 150720
125
 116943
 90.78
 5764
 4.47
 122707
126
 130227
 90.29
 9227
 6.39
 139454
127
 118527
 88.69
 9188
 6.87
 127715
128
 141360
 90.60
 8791
 5.63
 150151
129
 26608
 18.88
 105450
 74.83
 132058
130
 21474
 18.49
 87642
 75.47
 109116
131
 26602
 24.64
 76082
 70.48
 102684
132
 18625
 23.34
 57055
 71.50
 75680
133
 25282
 27.54
 61611
 67.12
 86893
134
 24544
 28.20
 58210
 66.88
 82754
135
 21168
 17.93
 87807
 74.40
 108975
136
 22517
 19.44
 84408
 72.87
 106925
137
 22534
 21.21
 74674
 70.28
 97208
138
 23205
 18.71
 91204
 73.57
 114409
139
 21327
 25.50
 58768
 70.27
 80095
140
 23831
 28.06
 57127
 67.27
 80958
141
 25159
 23.80
 74657
 70.64
 99816
142
 25111
 19.07
 98051
 74.46
 123162
143
 15981
 14.90
 86151
 80.37
 102132
144
 10097
 9.65
 90538
 86.57
 100635
145
 17827
 19.88
 65148
 72.67
 82975
146
 45064
 51.61
 34900
 39.97
 79964
147
 58145
 54.67
 39876
 37.49
 98021
148
 51054
 44.59
 54052
 47.21
 105106
149
 58693
 59.16
 34293
 34.56
 92986
150
 63606
 55.83
 43123
 37.85
 106729
151
 44837
 48.37
 42430
 45.77
 87267
152
 58212
 55.16
 41343
 39.18
 99555
153
 62972
 64.88
 28388
 29.24
 91360
154
 95798
 72.16
 27771
 20.91
 123569
155
 89456
 75.90
 22835
 19.37
 112291
156
 111622
 80.58
 21366
 15.42
 132988
157
 96774
 74.15
 28601
 21.91
 125375
158
 95929
 78.32
 20873
 17.04
 116802
159
 115092
 69.54
 37012
 22.36
 152104
160
 61032
 69.92
 21392
 24.51
 82424
161
 44217
 41.83
 53923
 51.01
 98140
162
 55658
 58.61
 33180
 34.94
 88838
163
 73581
 75.96
 18060
 18.64
 91641
164
 53011
 59.02
 31041
 34.56
 84052
165
 107181
 84.28
 12470
 9.80
 119651
166
 120847
 83.57
 18419
 12.73
 139266
167
 124691
 91.29
 7515
 5.50
 132206
168
 137415
 92.34
 7379
 4.95
 144794
169
 109563
 90.36
 7990
 6.58
 117553
170
 33375
 29.18
 72165
 63.10
 105540
171
 27452
 27.48
 64565
 64.63
 92017
172
 38708
 24.78
 105940
 67.82
 144648
173
 30208
 24.91
 82135
 67.73
 112343
174
 17630
 21.58
 58205
 71.26
 75835
175
 18915
 24.52
 52377
 67.92
 71292
176
 27702
 24.88
 75341
 67.68
 103043
177
 26523
 24.52
 75482
 69.80
 102005
178
 16450
 15.34
 85960
 80.18
 102410
179
 17331
 15.35
 90735
 80.37
 108066
180
 17045
 15.70
 86752
 79.91
 103797
181
 20143
 18.85
 82147
 76.89
 102290
182
 22435
 24.84
 63245
 70.03
 85680
183
 24726
 21.78
 81913
 72.15
 106639
184
 36194
 40.07
 47298
 52.37
 83492
185
 43074
 38.25
 61215
 54.37
 104289
186
 31955
 34.12
 55882
 59.68
 87837
187
 34801
 35.84
 56896
 58.60
 91697
188
 21150
 29.47
 46547
 64.85
 67697
189
 14580
 19.85
 55363
 75.38
 69943
190
 104153
 71.73
 31484
 21.68
 135637
191
 68248
 70.44
 24376
 25.16
 92624
192
 75781
 70.97
 25834
 24.19
 101615
193
 86232
 71.61
 28694
 23.82
 114926
194
 71496
 69.10
 27262
 26.35
 98758
195
 65787
 66.93
 26504
 26.96
 92291
196
 63674
 65.89
 27330
 28.28
 91004
197
 72345
 65.49
 30213
 27.35
 102558
198
 44204
 59.98
 23091
 31.33
 67295
199
 61773
 67.66
 25640
 28.08
 87413
200
 76994
 65.37
 34801
 29.54
 111795
201
 52964
 60.83
 28761
 33.03
 81725
202
 79925
 69.86
 29207
 25.53
 109132
203
 70836
 65.91
 30799
 28.65
 101635
204
 73863
 63.99
 32416
 28.08
 106279
205
 93918
 76.20
 23299
 18.90
 117217
206
 45699
 52.46
 36544
 41.95
 82243
207
 78464
 69.20
 29122
 25.68
 107586
208
 80212
 52.28
 61278
 39.94
 141490
209
 48721
 59.01
 29940
 36.26
 78661
210
 59462
 70.15
 21607
 25.49
 81069
211
 74266
 71.85
 24006
 23.22
 98272
212
 78830
 74.55
 21853
 20.66
 100683
213
 57462
 59.13
 35385
 36.41
 92847
214
 74477
 66.48
 27414
 24.47
 101891
215
 122244
 66.78
 44245
 24.17
 166489
216
 133239
 67.77
 46722
 23.76
 179961
217
 118728
 64.96
 48035
 26.28
 166763
218
 106622
 65.34
 41801
 25.61
 148423
219
 35363
 57.74
 19798
 32.32
 55161
220
 67917
 67.75
 23853
 23.79
 91770
221
 122611
 69.20
 39901
 22.52
 162512
222
 98278
 60.98
 47314
 29.35
 145592
223
 75927
 60.88
 37016
 29.68
 112943
224
 9943
 10.41
 80604
 84.45
 90547
225
 11997
 10.35
 97597
 84.26
 109594

333
27374
60.57
15349
33.96
42723