1
 167840
 167839
 166260
 52605
 115234
 115182
 1559
 4910
 4.26
2
 126004
 126020
 125879
 40104
 85916
 85907
 759
 3671
 4.27
3
 162604
 162563
 161811
 54577
 107986
 107984
 1402
 2506
 2.32
4
 179412
 179412
 178889
 62957
 116455
 116452
 1342
 3366
 2.89
5
 169712
 169699
 168821
 52895
 116804
 116799
 1369
 3312
 2.83
6
 154176
 154176
 152125
 51244
 102932
 102927
 1147
 2986
 2.90
7
 153072
 153069
 152672
 55615
 97454
 97449
 1222
 4787
 4.91
8
 115380
 115379
 115187
 35755
 79624
 79623
 862
 1761
 2.21
9
 144736
 144736
 143889
 46999
 97737
 97736
 1279
 3243
 3.31
10
 193092
 193092
 193941
 63559
 129532
 129532
 1686
 3463
 2.67
11
 198724
 198724
 197289
 62134
 136590
 136585
 1690
 7724
 5.65
12
 153744
 153744
 152894
 45619
 108125
 108119
 1556
 4853
 4.48
13
 158600
 158424
 157267
 42444
 115980
 115979
 1697
 3011
 2.59
14
 165064
 165063
 163354
 48322
 116741
 116741
 1515
 3470
 2.97
15
 156532
 156532
 155339
 39588
 116944
 116943
 1486
 2913
 2.49
16
 168560
 168560
 168107
 46453
 122107
 122105
 1583
 3226
 2.64
17
 161760
 161760
 160607
 47580
 114179
 114178
 1310
 2995
 2.62
18
 163028
 163028
 162100
 55440
 107588
 107582
 1444
 3025
 2.81
19
 149336
 149336
 147416
 39507
 109829
 109829
 1047
 3363
 3.06
20
 159352
 159352
 157529
 33047
 126305
 126302
 1124
 3144
 2.48
21
 160940
 160940
 159573
 41707
 119233
 119231
 1318
 3919
 3.28
22
 162140
 162140
 159685
 45222
 116918
 116917
 1300
 5573
 4.76
23
 164388
 164388
 161795
 35814
 128574
 128574
 1309
 2690
 2.09
24
 131312
 131311
 130357
 45893
 85418
 85417
 1213
 7251
 8.48
25
 172228
 172228
 171558
 55649
 116579
 116532
 2562
 9671
 8.29
26
 134748
 134748
 131068
 48177
 86571
 86562
 1050
 8661
 10.00
27
 118552
 118552
 117848
 39980
 78572
 78563
 985
 7004
 8.91
28
 154264
 154264
 153164
 55153
 99111
 99107
 1445
 8711
 8.78
29
 141412
 141412
 141205
 50882
 90530
 90528
 1338
 7424
 8.20
30
 203084
 203020
 200690
 71408
 131612
 131606
 1824
 9485
 7.20
31
 183008
 183008
 181526
 57980
 125028
 125024
 1505
 8433
 6.74
32
 192244
 192244
 191106
 61139
 131105
 131104
 1480
 9041
 6.89
33
 176692
 176691
 174751
 57017
 119674
 119671
 1383
 8336
 6.96
34
 139956
 139955
 139463
 47997
 91958
 91954
 1294
 5113
 5.56
35
 186816
 186816
 185144
 71049
 115760
 115756
 1869
 6410
 5.53
36
 200256
 200256
 198514
 55394
 144862
 144854
 1832
 8150
 5.62
37
 165608
 165558
 162720
 57097
 108461
 108461
 1467
 4915
 4.53
38
 188760
 188760
 186595
 62924
 125836
 125836
 1785
 6465
 5.13
39
 134272
 134272
 133132
 43236
 91036
 91034
 1240
 3976
 4.36
40
 151576
 151576
 149760
 52903
 98673
 98673
 1544
 5223
 5.29
41
 157872
 157871
 155348
 27151
 130720
 130656
 1345
 2467
 1.88
42
 142456
 142455
 140743
 31857
 110598
 110581
 852
 3965
 3.58
43
 162308
 162306
 159832
 38403
 123903
 123901
 1187
 3088
 2.49
44
 183816
 183816
 181376
 42503
 141313
 141295
 1336
 3206
 2.26
45
 180168
 180185
 176084
 39825
 140359
 140353
 1096
 3987
 2.84
46
 165448
 165368
 164830
 36116
 129252
 129250
 960
 2519
 1.94
47
 154340
 154338
 152296
 43378
 110960
 110957
 1115
 2560
 2.30
48
 166192
 166192
 163746
 45958
 120234
 120225
 801
 3820
 3.17
49
 163928
 163928
 162383
 40189
 123739
 123735
 1102
 3029
 2.44
50
 175008
 175008
 172503
 42926
 132082
 132080
 1145
 2689
 2.03
51
 156836
 156836
 153813
 42312
 114524
 114520
 755
 2268
 1.98
52
 170924
 170924
 169737
 41495
 129427
 129425
 1224
 2149
 1.66
53
 144472
 144472
 142907
 33564
 110908
 110907
 804
 1895
 1.70
54
 140408
 140408
 139438
 33040
 107368
 107365
 910
 1536
 1.43
55
 142524
 142524
 142093
 31324
 111200
 111199
 988
 2094
 1.88
56
 139180
 139180
 138686
 31495
 107686
 107683
 741
 1562
 1.45
57
 174720
 174720
 172741
 41314
 133406
 133404
 1033
 2932
 2.19
58
 178332
 178332
 173528
 51619
 126713
 126707
 1091
 3824
 3.01
59
 180892
 180496
 
 177869
 50147
 130722
 130718
 1038
 4244
 3.24
60
 162432
 162432
 161514
 35851
 126581
 126572
 1117
 2794
 2.20
61
 148548
 148548
 147620
 29750
 118798
 118798
 1035
 2477
 2.08
62
 135228
 135228
 134071
 22742
 112486
 112484
 891
 1800
 1.60
63
 219960
 219960
 220065
 75082
 144878
 144875
 1630
 9264
 6.39
64
 169112
 169112
 167678
 50100
 119012
 119010
 1430
 5019
 4.21
65
 170348
 170348
 169682
 54372
 115976
 115976
 1522
 4847
 4.17
66
 163336
 163336
 162380
 50780
 112556
 112554
 1299
 4575
 4.06
67
 160740
 160664
 160585
 51569
 109095
 109093
 1497
 4361
 3.99
68
 147044
 147044
 146856
 43775
 103269
 103268
 1486
 3862
 3.73
69
 159696
 159696
 157464
 62425
 97271
 97266
 1579
 5840
 6.00
70
 141228
 141206
 140745
 60609
 80597
 80595
 1965
 4659
 5.78
71
 143300
 143300
 142504
 50439
 92861
 92861
 1961
 3406
 3.66
72
 170704
 170704
 169407
 75220
 95484
 95483
 2437
 4240
 4.44
73
 196680
 196680
 196096
 100324
 96356
 96352
 2505
 2794
 2.89
74
 148932
 148932
 147784
 70244
 78688
 78688
 2079
 3232
 4.10
75
 166928
 166928
 166728
 53612
 113316
 113313
 1367
 7486
 6.60
76
 166316
 166316
 164908
 52399
 113917
 113912
 1556
 7806
 6.85
77
 175876
 175876
 173027
 54720
 121156
 121144
 1386
 8610
 7.10
78
 125020
 125020
 123521
 39834
 85186
 85184
 1026
 5193
 6.09
79
 168168
 168168
 166628
 55190
 112978
 112974
 1215
 4501
 3.98
80
 182148
 182146
 181294
 56882
 125264
 125263
 1609
 5171
 4.12
81
 174756
 174756
 173451
 57148
 117608
 117607
 1066
 4129
 3.51
82
 172360
 172360
 170842
 52247
 120113
 120113
 1187
 3878
 3.22
83
 165824
 165824
 163183
 51709
 114115
 114114
 1831
 5144
 4.50
84
 185112
 185112
 182044
 58165
 126947
 126936
 1737
 6477
 5.10
85
 155756
 155755
 153647
 33079
 122676
 122676
 1304
 2560
 2.08
86
 194124
 194107
 192856
 40863
 153244
 153241
 1536
 3570
 2.32
87
 184272
 184272
 182634
 39434
 144838
 144826
 1759
 3462
 2.39
88
 126352
 126352
 123652
 32919
 93433
 93432
 1346
 2012
 2.15
89
 128496
 128496
 127714
 36705
 91791
 91770
 980
 2833
 3.08
90
 124144
 124144
 123043
 33724
 90420
 90411
 1538
 2471
 2.73
91
 205624
 205624
 204296
 63789
 141835
 141833
 2591
 6955
 4.90
92
 109876
 109875
 108951
 41259
 68616
 68614
 1258
 3395
 4.94
93
 125272
 125272
 124754
 39023
 86249
 86247
 1715
 2909
 3.37
94
 123940
 123940
 122919
 40590
 83350
 83350
 1253
 3195
 3.83
95
 151780
 151780
 151740
 48318
 103462
 103462
 1763
 5085
 4.91
96
 210836
 210836
 211450
 73052
 137784
 137780
 1742
 8782
 6.37
97
 139376
 139376
 137726
 47138
 92238
 92235
 1612
 4716
 5.11
98
 205648
 205649
 204683
 72756
 132893
 132887
 1668
 7853
 5.90
99
 195576
 195576
 194422
 68719
 126857
 126853
 1582
 6796
 5.35
100
 202496
 202495
 201084
 78290
 124205
 124204
 1580
 6904
 5.55
101
 141648
 141648
 140821
 50802
 90846
 90846
 1150
 2998
 3.30
102
 135972
 135972
 135327
 46163
 89809
 89808
 1136
 3323
 3.70
103
 168828
 168827
 167524
 60628
 108199
 108196
 1196
 4676
 4.32
104
 160604
 160603
 159462
 58710
 101893
 101892
 1362
 5113
 5.01
105
 161808
 161808
 160700
 41775
 120033
 120026
 984
 3669
 3.05
106
 154116
 154116
 153335
 37095
 117021
 117017
 803
 3953
 3.37
107
 134672
 134672
 132811
 35957
 98715
 98711
 789
 2538
 2.57
108
 178180
 178180
 175604
 47925
 130255
 130255
 1214
 3828
 2.93
109
 168880
 168872
 164909
 50590
 118281
 118276
 1209
 1994
 1.68
110
 162136
 162121
 160378
 46108
 116003
 115999
 1209
 2255
 1.94
111
 148304
 148304
 147068
 35354
 112950
 112950
 1174
 1726
 1.52
112
 161780
 161746
 160487
 38701
 123015
 123014
 1408
 2527
 2.05
113
 147680
 147679
 147038
 36858
 110821
 110810
 724
 2870
 2.59
114
 157456
 157456
 156465
 34368
 123088
 123087
 1316
 2555
 2.07
115
 163992
 163991
 162995
 39768
 124223
 124220
 1395
 2760
 2.22
116
 142064
 142063
 140440
 44990
 97073
 97073
 1142
 1948
 2.00
117
 163448
 163449
 161540
 51464
 111985
 111976
 1277
 8365
 7.47
118
 123256
 123256
 120939
 36254
 87002
 86992
 996
 5768
 6.63
119
 117104
 117103
 116322
 35512
 81591
 81586
 764
 6299
 7.72
120
 213484
 213484
 212143
 66857
 146627
 145086
 1572
 10024
 6.90
121
 176944
 176943
 174513
 41068
 135875
 135872
 1273
 3858
 2.83
122
 128336
 128334
 127766
 26422
 101910
 101910
 1046
 3171
 3.11
123
 180780
 180772
 178624
 40144
 140628
 140623
 1345
 3992
 2.83
124
 198548
 198548
 197688
 41049
 157499
 157498
 1572
 5206
 3.30
125
 163404
 163372
 163360
 34554
 128818
 128816
 1362
 4747
 3.68
126
 181320
 181320
 179801
 37089
 144231
 144230
 1525
 3251
 2.25
127
 177764
 177764
 177819
 44121
 133643
 133636
 1386
 4535
 3.39
128
 193908
 193197
 191724
 37176
 156021
 156021
 1568
 4302
 2.75
129
 217524
 217522
 215171
 76595
 140927
 140916
 1546
 7312
 5.18
130
 175428
 175427
 173630
 59297
 116130
 116122
 1537
 5469
 4.70
131
 161452
 161451
 160987
 53516
 107935
 107934
 1407
 3843
 3.56
132
 121356
 121356
 120128
 41569
 79787
 79787
 1006
 3101
 3.88
133
 140160
 140159
 138859
 48379
 91780
 91780
 986
 3901
 4.25
134
 135412
 135412
 134117
 48379
 87033
 87031
 1067
 3210
 3.68
135
 185620
 185620
 183382
 67605
 118014
 118007
 1889
 7142
 6.05
136
 185656
 185676
 182596
 69847
 115829
 115828
 1886
 7017
 6.05
137
 186400
 186399
 183179
 80141
 106258
 106242
 1362
 7672
 7.22
138
 197224
 197224
 194375
 73257
 123967
 123965
 2346
 7210
 5.81
139
 130616
 130616
 129827
 46994
 83622
 83621
 1186
 2340
 2.79
140
 135808
 135528
 134649
 50611
 84917
 84917
 1603
 2354
 2.77
141
 166932
 166923
 165564
 61236
 105687
 105686
 1708
 4162
 3.93
142
 200672
 200334
 
 200115
 68906
 131674
 131670
 2033
 6475
 4.91
143
 163544
 163509
 161315
 56320
 107189
 107189
 1468
 3588
 3.34
144
 157444
 157444
 156404
 52862
 104582
 104581
 1897
 2049
 1.95
145
 150700
 150068
 
 149842
 60890
 89645
 89643
 2661
 4007
 4.46
146
 136484
 136484
 135046
 49173
 87311
 87307
 866
 6477
 7.41
147
 165912
 165911
 164111
 59548
 106363
 106355
 1083
 7251
 6.81
148
 178036
 178036
 178540
 63550
 114486
 114481
 962
 8413
 7.34
149
 142948
 142948
 142139
 43744
 99204
 99203
 1134
 5083
 5.12
150
 163692
 163692
 162865
 49768
 113924
 113921
 1214
 5978
 5.24
151
 137920
 137911
 137487
 45213
 92698
 92695
 846
 4582
 4.94
152
 157988
 157988
 157458
 52470
 105518
 105516
 1121
 4840
 4.58
153
 142196
 142212
 141422
 45156
 97056
 97056
 1365
 4331
 4.46
154
 191064
 190984
 187823
 58233
 132751
 132751
 1173
 8009
 6.03
155
 159624
 159623
 157853
 41775
 117848
 117848
 1823
 3734
 3.16
156
 182412
 182412
 180598
 43896
 138516
 138516
 1510
 4018
 2.90
157
 171764
 171763
 170938
 41266
 130497
 130496
 1506
 3615
 2.77
158
 168444
 168444
 166417
 45974
 122470
 122470
 1573
 4095
 3.34
159
 249328
 249326
 244373
 83824
 165502
 165487
 2246
 11137
 6.72
160
 129988
 129988
 129210
 42710
 87278
 87277
 1164
 3689
 4.22
161
 164700
 164700
 163698
 58998
 105702
 105701
 1604
 5957
 5.63
162
 151380
 151380
 150644
 56418
 94962
 94962
 1425
 4699
 4.94
163
 136704
 136668
 135548
 39801
 96867
 96867
 1054
 4172
 4.30
164
 133504
 133504
 132596
 43696
 89808
 89807
 1228
 4527
 5.04
165
 183104
 183104
 180968
 55941
 127163
 127163
 993
 6519
 5.12
166
 189708
 189708
 186912
 45108
 144600
 144600
 1426
 3908
 2.70
167
 166464
 166464
 165560
 29878
 136586
 136586
 1183
 3197
 2.34
168
 178404
 178401
 177062
 29591
 148810
 148809
 1067
 2948
 1.98
169
 158052
 158052
 156605
 36806
 121246
 121245
 1048
 2644
 2.18
170
 173748
 173748
 170704
 59376
 114372
 114365
 926
 7899
 6.90
171
 152792
 152792
 150813
 52893
 99899
 99895
 994
 6884
 6.89
172
 234580
 234580
 233792
 78388
 156191
 156187
 1590
 9949
 6.36
173
 187532
 187532
 186222
 66268
 121264
 121262
 1396
 7523
 6.20
174
 121740
 121740
 121679
 40056
 81684
 81673
 1127
 4711
 5.76
175
 117656
 117656
 116340
 40533
 77123
 77115
 1057
 4766
 6.18
176
 169248
 168988
 167285
 57681
 111307
 111305
 1420
 6842
 6.14
177
 165372
 165436
 164937
 57297
 108139
 108138
 1303
 4830
 4.46
178
 151952
 151952
 150940
 44752
 107200
 107200
 1196
 3594
 3.35
179
 162472
 162472
 161390
 49579
 112893
 112892
 1135
 3691
 3.26
180
 152684
 152683
 151843
 44130
 108551
 108551
 909
 3845
 3.54
181
 156648
 156648
 155674
 49812
 106836
 106836
 1022
 3524
 3.29
182
 129132
 129132
 128481
 38821
 90311
 90307
 839
 3788
 4.19
183
 179944
 179944
 178219
 66420
 113524
 113520
 1433
 5447
 4.79
184
 157828
 157827
 154901
 67516
 90310
 90305
 1446
 5367
 5.94
185
 192836
 192835
 189350
 80248
 112587
 112583
 1316
 6978
 6.19
186
 151996
 151506
 149816
 57876
 93630
 93629
 958
 4834
 5.16
187
 161404
 161404
 160812
 64328
 97076
 97076
 1214
 4165
 4.29
188
 112672
 112672
 111796
 40905
 71767
 71766
 725
 3344
 4.65
189
 118124
 118122
 117543
 44680
 73442
 73440
 1028
 2469
 3.36
190
 205188
 205184
 204959
 59984
 145200
 145194
 1780
 7777
 5.35
191
 129560
 129559
 128459
 32682
 96877
 96877
 1290
 2963
 3.05
192
 143720
 143719
 142291
 36941
 106778
 106778
 1784
 3379
 3.16
193
 171744
 171733
 170769
 51320
 120413
 120412
 1554
 3932
 3.26
194
 143532
 143532
 142756
 40068
 103464
 103461
 1727
 2976
 2.87
195
 146580
 146580
 144952
 48288
 98292
 98292
 1476
 4525
 4.60
196
 137824
 137824
 137252
 41191
 96633
 96632
 1686
 3942
 4.07
197
 184212
 184162
 183179
 73703
 110459
 110456
 1296
 6602
 5.97
198
 122952
 122950
 121575
 49255
 73695
 73691
 1403
 4993
 6.77
199
 130584
 130584
 130469
 39288
 91296
 91294
 883
 2998
 3.28
200
 167844
 167844
 167156
 50063
 117781
 117778
 1719
 4264
 3.62
201
 137872
 137872
 136978
 50808
 87064
 87064
 1029
 4310
 4.95
202
 165576
 165576
 164727
 51181
 114395
 114393
 1335
 3926
 3.43
203
 161712
 161712
 161261
 54240
 107472
 107468
 1440
 4393
 4.08
204
 189220
 189220
 187363
 73800
 115420
 115418
 1849
 7290
 6.31
205
 194956
 194892
 193784
 71647
 123245
 123241
 1927
 4097
 3.32
206
 146380
 146380
 145568
 59276
 87104
 87104
 2039
 2822
 3.23
207
 177296
 177296
 176600
 63909
 113387
 113386
 1929
 3871
 3.41
208
 231764
 231764
 229635
 78356
 153408
 153405
 1411
 10504
 6.84
209
 120136
 120135
 119285
 37573
 82562
 82561
 1007
 2893
 3.50
210
 120736
 120725
 120161
 35959
 84766
 84764
 1177
 2518
 2.97
211
 156448
 156448
 155637
 53099
 103349
 103349
 1419
 3658
 3.53
212
 149172
 149171
 147804
 43438
 105733
 105730
 1373
 3674
 3.47
213
 135972
 135972
 134417
 38796
 97176
 97176
 1105
 3224
 3.31
214
 171976
 171976
 172226
 59956
 112020
 112014
 976
 9147
 8.16
215
 268008
 268008
 266393
 84964
 183044
 183040
 1647
 14904
 8.14
216
 287396
 287396
 286179
 90818
 196578
 196576
 1678
 14937
 7.59
217
 273404
 273405
 271616
 90639
 182766
 182755
 1684
 14308
 7.82
218
 235068
 235068
 232825
 71907
 163161
 163159
 1448
 13288
 8.14
219
 94296
 94296
 93452
 33006
 61290
 61241
 538
 5542
 9.04
220
 148404
 148404
 147106
 48159
 100245
 100238
 837
 7631
 7.61
221
 260120
 260120
 258378
 82932
 177188
 177177
 1214
 13451
 7.59
222
 252872
 252872
 248893
 91705
 161167
 161158
 1682
 13884
 8.61
223
 189440
 189423

 187897
 64719
 124718
 124712
 1047
 10722
 8.59
224
 139752
 139752
 138933
 44310
 95442
 95438
 828
 4063
 4.25
225
 174744
 174743
 172992
 58912
 115831
 115820
 1088
 5138
 4.43
333
 431984
 431954
 440738
 386754
 45200
 45193
 414
 2056
 4.54
