11
 200336
 200332
 0
 196118
 2261
 60573
 137998
 1761
 139759
 0
 139758
 1072
12
 155640
 155630
 0
 153799
 3632
 45075
 107374
 3181
 110555
 0
 110554
 867
13
 154788
 154787
 0
 152470
 6163
 44922
 104157
 5708
 109865
 0
 109865
 864
14
 157732
 157732
 0
 155149
 5875
 50044
 102138
 5550
 107688
 0
 107688
 951
15
 151212
 151211
 0
 148826
 7648
 43582
 100481
 7148
 107629
 0
 107629
 888
16
 163760
 163712
 0
 162219
 6908
 49608
 107593
 6511
 114104
 0
 114102
 926
17
 156276
 156276
 0
 153685
 5781
 50053
 100848
 5375
 106223
 0
 106223
 928
18
 157444
 157444
 0
 155217
 6368
 58041
 93683
 5720
 99403
 0
 99400
 965
19
 146456
 146456
 0
 143270
 5226
 39169
 102548
 4739
 107287
 0
 107287
 761
20
 159844
 159844
 0
 156970
 8266
 36884
 115198
 7762
 122960
 0
 122959
 780
21
 157888
 157887
 0
 155465
 5074
 46359
 106931
 4597
 111528
 0
 111526
 1142
22
 161704
 161704
 0
 158651
 1614
 41585
 118731
 1388
 120119
 0
 120117
 806
23
 162116
 162115
 0
 159252
 5694
 42208
 114429
 5478
 119907
 0
 119907
 1038
24
 127008
 127012
 0
 124964
 867
 58490
 67893
 629
 68522
 0
 68521
 1427
25
 168420
 168420
 0
 165502
 1672
 76480
 90588
 1352
 91940
 0
 91928
 2114
26
 120968
 120968
 0
 119555
 1049
 49288
 70862
 818
 71680
 0
 71674
 1422
27
 113700
 113699
 0
 112518
 981
 50513
 62498
 688
 63186
 0
 63185
 1234
28
 146060
 146064
 0
 143441
 1596
 66331
 78614
 1119
 79733
 0
 79730
 1707
29
 139736
 139736
 0
 137390
 1666
 67286
 71248
 1202
 72450
 0
 72448
 1719
30
 196960
 196960
 0
 193920
 1355
 96046
 99900
 1014
 100914
 0
 100911
 2487
31
 178432
 178436
 0
 175047
 2339
 75188
 101386
 1862
 103248
 0
 103248
 2204
32
 188692
 188692
 0
 185596
 2783
 80005
 106617
 2072
 108687
 0
 108685
 2296
33
 168188
 168190
 0
 165126
 2593
 73790
 92357
 2043
 94400
 1
 94397
 2163
34
 136336
 136340
 0
 134208
 4619
 60749
 71802
 3789
 75591
 0
 75589
 1382
35
 175408
 175408
 0
 172558
 2277
 81385
 92185
 1838
 94023
 0
 94020
 2133
36
 195288
 195298
 0
 192534
 4309
 83860
 107699
 3739
 111438
 0
 111435
 2732
37
 160212
 160191
 0
 157109
 5295
 77497
 78120
 4574
 82694
 0
 82694
 1958
38
 183020
 183019
 0
 180293
 6659
 87180
 89880
 5959
 95839
 0
 95837
 2130
39
 131628
 131631
 0
 130161
 5217
 60246
 66710
 4675
 71385
 0
 71385
 1760
40
 148920
 148920
 0
 147349
 6788
 69468
 73946
 5506
 79452
 0
 79452
 1681
47
 144064
 15304
 0
 15170
 948
 10497
 4179
 628
 4807
 0
 4807
 168
49
 155384
 102641
 0
 100818
 2079
 83232
 18225
 1184
 19409
 0
 19409
 676
50
 163232
 78116
 0
 77069
 710
 65950
 11783
 383
 12166
 0
 12166
 527
58
 171276
 165500
 0
 162452
 2053
 143130
 21748
 622
 22370
 0
 22369
 1095
59
 170740
 160543
 18
 157808
 1016
 135854
 24380
 327
 24707
 9
 24705
 662
60
 156344
 57752
 0
 56825
 1589
 50984
 6110
 658
 6768
 179
 6768
 195
61
 143708
 112691
 0
 112004
 4795
 95006
 15532
 2153
 17685
 0
 17685
 898
62
 130272
 78380
 0
 77968
 3557
 70466
 6584
 1330
 7914
 0
 7914
 449
63
 216716
 216716
 0
 213044
 2022
 74460
 140970
 1286
 142256
 0
 142251
 1637
64
 167000
 167000
 0
 163711
 6500
 54332
 106801
 5867
 112668
 0
 112668
 1139
65
 167140
 167140
 0
 163601
 3183
 65550
 98754
 2836
 101590
 0
 101590
 1427
66
 158432
 158431
 0
 154795
 6533
 56423
 96334
 5674
 102008
 0
 102008
 1060
67
 159580
 159512
 0
 156910
 5718
 55924
 98372
 5216
 103588
 0
 103588
 984
68
 145592
 145592
 0
 142458
 7205
 48362
 90495
 6735
 97230
 0
 97230
 1061
69
 158584
 158584
 0
 155622
 1881
 61481
 95509
 1594
 97103
 0
 97098
 1462
70
 141184
 141183
 0
 139664
 1711
 63827
 75779
 1577
 77356
 0
 77356
 1305
71
 142992
 142992
 0
 142001
 5618
 56771
 82859
 3362
 86221
 0
 86221
 1276
72
 172580
 172558
 0
 170976
 2882
 90068
 80064
 2426
 82490
 0
 82490
 1320
73
 196796
 196795
 0
 195325
 1908
 120296
 74870
 1629
 76499
 0
 76499
 1309
74
 150908
 150907
 0
 149285
 2088
 84298
 64833
 1776
 66609
 0
 66609
 1452
75
 165860
 165870
 0
 162391
 1824
 77474
 87069
 1327
 88396
 0
 88385
 1995
76
 164768
 164771
 0
 161730
 1893
 74170
 89267
 1334
 90601
 0
 90600
 2099
77
 170276
 170277
 0
 166632
 1739
 74541
 94478
 1258
 95736
 0
 95726
 2133
78
 122320
 122332
 0
 120744
 737
 58411
 63359
 562
 63921
 0
 63919
 1528
79
 162752
 162752
 0
 160807
 5644
 83348
 74754
 4650
 79404
 1
 79400
 1957
80
 179520
 179520
 0
 176615
 4616
 94131
 81662
 3727
 85389
 0
 85387
 2596
81
 167784
 167784
 0
 165020
 1750
 101415
 64935
 1434
 66369
 0
 66367
 2107
82
 168724
 168724
 0
 166123
 4529
 88192
 76661
 3871
 80532
 21
 80510
 2381
83
 159860
 159858
 0
 157279
 6566
 74388
 79868
 5602
 85470
 0
 85470
 2533
84
 185620
 185616
 0
 179801
 2263
 56632
 127100
 1884
 128984
 0
 128962
 742
85
 151860
 151859
 0
 148868
 6965
 37300
 107736
 6823
 114559
 0
 114558
 718
86
 188632
 188527
 0
 184629
 6988
 42722
 139034
 6771
 145805
 0
 145804
 781
87
 184576
 184572
 0
 181902
 6389
 45223
 133261
 6088
 139349
 0
 139349
 888
88
 125960
 125956
 0
 124271
 3709
 34811
 87643
 3502
 91145
 0
 91145
 734
89
 128148
 128147
 0
 125161
 4241
 39533
 84628
 3986
 88614
 0
 88612
 614
90
 121828
 121828
 0
 120107
 5107
 34250
 82727
 4851
 87578
 0
 87578
 604
91
 203324
 203323
 0
 199439
 3547
 63649
 136434
 3240
 139674
 0
 139674
 1100
92
 104292
 104291
 0
 102935
 3160
 36208
 65296
 2787
 68083
 0
 68083
 632
93
 122372
 122376
 0
 121037
 5976
 39486
 77311
 5579
 82890
 0
 82888
 684
94
 121404
 121403
 0
 119792
 5758
 39238
 77031
 5134
 82165
 0
 82163
 710
95
 153684
 153691
 0
 151884
 3637
 48486
 101843
 3362
 105205
 0
 105205
 752
96
 227044
 226851
 0
 226969
 1388
 71777
 153847
 1224
 155074
 2
 155050
 1260
97
 138456
 138456
 0
 136937
 4468
 43234
 91222
 4000
 95222
 0
 95216
 848
98
 207384
 207384
 0
 205342
 3385
 70554
 133857
 2973
 136830
 0
 136828
 1210
99
 193920
 193917
 0
 192485
 7409
 62974
 124438
 6505
 130943
 0
 130939
 1140
100
 199520
 199529
 0
 194864
 1947
 77106
 120823
 1601
 122423
 0
 122421
 1503
101
 136684
 136683
 0
 135316
 6052
 55181
 76107
 5395
 81502
 0
 81500
 910
102
 130856
 130856
 0
 129727
 5931
 49393
 76056
 5407
 81463
 0
 81463
 837
103
 161724
 161724
 0
 159338
 6563
 67970
 88083
 5671
 93754
 0
 93752
 1102
104
 155808
 155808
 0
 153594
 4903
 67187
 84195
 4426
 88621
 0
 88619
 1285
114
 152672
 67580
 0
 67660
 3774
 51567
 13606
 2407
 16013
 0
 16012
 838
115
 156076
 147966
 0
 145139
 7934
 111705
 30923
 5304
 36261
 0
 36227
 1478
117
 157016
 157019
 0
 154359
 1807
 40630
 114878
 1511
 116389
 0
 116383
 733
118
 120820
 120820
 0
 118080
 1033
 28896
 91057
 867
 91924
 0
 91920
 610
119
 113016
 113016
 0
 110687
 1452
 29563
 82284
 1169
 83453
 0
 83445
 530
120
 212544
 212543
 0
 208036
 2209
 54907
 155802
 1834
 157636
 0
 157629
 1054
121
 174540
 174524
 0
 171343
 6304
 38547
 130031
 5946
 135977
 0
 135977
 752
122
 128520
 128520
 0
 126885
 5060
 24028
 99661
 4831
 104492
 0
 104492
 640
123
 173588
 173264
 0
 170987
 9689
 36884
 126996
 9384
 136380
 0
 136375
 835
124
 198256
 198256
 0
 195706
 8029
 40436
 150553
 7267
 157820
 0
 157820
 919
125
 164300
 164300
 0
 161586
 4940
 32255
 127370
 4675
 132045
 0
 132045
 742
126
 181112
 181090
 0
 177122
 9805
 40216
 131367
 9507
 140874
 0
 140874
 965
127
 178000
 178000
 0
 175567
 4518
 42777
 130999
 4224
 135223
 0
 135222
 854
128
 192332
 192330
 0
 188547
 8095
 40495
 144409
 7426
 151835
 0
 151834
 824
129
 208684
 208672
 69
 204655
 2275
 106708
 100404
 1629
 102033
 0
 101988
 2293
130
 172184
 172184
 0
 169806
 1295
 89117
 82143
 924
 83067
 0
 83051
 1935
131
 161412
 161412
 0
 158920
 5423
 77636
 79971
 3805
 83776
 0
 83776
 1777
132
 118940
 118939
 0
 116255
 3316
 56824
 59290
 2825
 62115
 0
 62114
 1529
133
 137100
 137100
 0
 135576
 3482
 64139
 69914
 3047
 72961
 0
 72961
 1343
134
 131856
 131856
 0
 129801
 4372
 63224
 64789
 3843
 68632
 0
 68632
 1083
135
 176008
 176024
 0
 174567
 1105
 90647
 84672
 705
 85377
 2
 85372
 2278
136
 179980
 179979
 0
 177912
 1930
 96839
 81856
 1258
 83114
 0
 83061
 2777
137
 181456
 181456
 0
 178233
 1378
 99461
 81032
 963
 81994
 1
 81952
 2307
138
 195740
 195734
 0
 193497
 2372
 99387
 94762
 1576
 96338
 0
 96323
 3085
139
 125968
 125968
 0
 124204
 4961
 63426
 58270
 4272
 62542
 0
 62542
 1500
140
 131996
 131871
 0
 130102
 5330
 66545
 60867
 4459
 65326
 0
 65326
 1415
141
 167636
 167636
 0
 165408
 3071
 88246
 76813
 2577
 79390
 0
 79388
 2354
142
 204420
 204420
 0
 202607
 2191
 113345
 89440
 1634
 91074
 0
 91074
 2844
143
 161760
 161759
 0
 158475
 4698
 90693
 67223
 3843
 71066
 0
 71064
 2375
144
 154956
 154956
 0
 152853
 5736
 94885
 55344
 4727
 60071
 0
 60071
 2331
145
 147644
 147643
 375
 144937
 2970
 87530
 58287
 2200
 60487
 0
 60486
 2047
146
 132064
 132064
 0
 129656
 1512
 50001
 80823
 1238
 82063
 24
 82038
 1100
147
 164008
 164006
 0
 160620
 2821
 59894
 101728
 2384
 104112
 0
 104111
 1357
148
 174840
 174840
 0
 173356
 1573
 64651
 108984
 1205
 110189
 0
 110185
 1503
149
 139716
 139715
 0
 138357
 7268
 48227
 84767
 6721
 91488
 0
 91488
 950
150
 159576
 159574
 0
 157944
 9734
 56413
 94221
 8940
 103161
 0
 103160
 1137
151
 136500
 136484
 0
 135099
 6080
 50971
 80560
 4953
 85513
 0
 85513
 1144
152
 153060
 153056
 0
 151304
 8833
 58528
 86437
 8091
 94528
 0
 94528
 1008
153
 136660
 136623
 0
 135356
 8596
 45898
 82851
 7874
 90725
 0
 90725
 825
154
 191276
 191277
 0
 186512
 1209
 56148
 134087
 1042
 135129
 0
 135129
 1012
155
 161376
 161376
 0
 159023
 6054
 46799
 109024
 5553
 114577
 0
 114577
 1135
156
 181020
 181020
 0
 177790
 8272
 48728
 124487
 7805
 132292
 0
 132292
 1054
157
 175920
 175920
 0
 173143
 4161
 56573
 115537
 3810
 119347
 0
 119347
 1370
158
 171844
 171748
 0
 168888
 4213
 58322
 109547
 3880
 113426
 0
 113426
 1204
159
 242980
 242985
 0
 236883
 2301
 87264
 154014
 1707
 155721
 0
 155697
 1589
160
 127036
 127032
 0
 124892
 8059
 48738
 71015
 7279
 78294
 1
 78293
 782
161
 158804
 158804
 0
 155509
 6083
 74616
 78952
 5236
 84188
 0
 84188
 1637
162
 147000
 146999
 0
 144510
 5410
 62190
 80039
 4770
 84809
 0
 84809
 1073
163
 131976
 131976
 0
 128895
 8613
 42690
 81347
 7939
 89286
 0
 89286
 761
164
 129408
 129380
 0
 127325
 6527
 51007
 72503
 5870
 78373
 0
 78372
 965
165
 184660
 184660
 0
 179312
 1942
 53299
 129681
 1680
 131361
 0
 131359
 756
166
 182048
 182048
 0
 179446
 10221
 45864
 126545
 9639
 136184
 0
 136183
 1187
167
 165368
 165368
 0
 162095
 10293
 35161
 120270
 9937
 130207
 0
 130207
 721
168
 173664
 173664
 0
 170778
 12229
 36519
 127401
 9744
 137145
 0
 137145
 916
169
 153600
 153599
 0
 150796
 7501
 38406
 107937
 7256
 115193
 0
 115193
 690
170
 166248
 166247
 0
 162898
 1476
 81689
 83480
 1078
 84558
 0
 84550
 1471
171
 148536
 148535
 0
 144977
 1461
 75822
 71681
 1031
 72712
 0
 72704
 1415
172
 229688
 229687
 0
 225788
 1875
 120828
 107499
 1360
 108859
 0
 108852
 1944
173
 183008
 183008
 0
 180224
 1687
 98253
 83518
 1237
 84755
 0
 84752
 1513
174
 120160
 120159
 0
 118725
 1183
 65120
 54239
 800
 55039
 0
 55038
 1013
175
 112964
 112964
 0
 111478
 1518
 58255
 53678
 1031
 54709
 0
 54706
 975
176
 162184
 162185
 0
 159476
 1401
 84743
 76405
 1037
 77442
 0
 77441
 1378
177
 160604
 160604
 0
 158899
 5636
 81680
 74155
 4769
 78924
 0
 78924
 1404
178
 148300
 148299
 0
 146834
 5936
 79724
 63391
 5184
 68575
 0
 68575
 1886
179
 158040
 158039
 0
 155410
 5145
 89800
 63803
 4436
 68239
 0
 68239
 1889
180
 149720
 149720
 0
 147520
 5296
 80918
 64335
 4467
 68802
 0
 68799
 1732
181
 150648
 150648
 0
 148347
 6145
 79041
 66243
 5364
 71607
 0
 71607
 1704
182
 126800
 126804
 0
 125060
 5782
 62826
 58903
 5075
 63978
 0
 63978
 1256
183
 168168
 168168
 0
 165805
 3128
 92483
 73226
 2459
 75685
 0
 75682
 1498
184
 151264
 151264
 0
 149752
 2125
 71754
 77957
 1550
 79507
 0
 79503
 1560
185
 182440
 182439
 0
 178268
 1814
 87958
 93109
 1371
 94480
 1308
 93165
 1716
186
 146372
 146371
 0
 144460
 3979
 69533
 73330
 3507
 76837
 0
 76837
 1454
187
 159560
 159562
 0
 158348
 2392
 81227
 76287
 2048
 78335
 0
 78335
 1545
188
 110556
 110556
 0
 109132
 3041
 52169
 55799
 2588
 58387
 0
 58387
 1196
189
 115460
 115459
 0
 114652
 2269
 62353
 51125
 1981
 53106
 0
 53105
 1519
190
 209004
 209003
 0
 205736
 2490
 61041
 146171
 1789
 147960
 0
 147957
 1267
191
 125632
 125456
 0
 124146
 6930
 35264
 83745
 6447
 90192
 0
 90192
 867
192
 138552
 138284
 0
 136554
 8918
 38882
 91110
 8292
 99402
 0
 99402
 996
193
 167096
 166963
 0
 164575
 6571
 55483
 105454
 6026
 111480
 0
 111479
 1030
194
 136660
 136659
 0
 135284
 7242
 42616
 87222
 6821
 94043
 0
 94042
 1003
195
 143632
 143626
 0
 140896
 4097
 49089
 90794
 3743
 94537
 0
 94535
 1093
196
 135808
 135628
 0
 133609
 6947
 44371
 85292
 5965
 91257
 0
 91257
 1001
197
 177320
 177320
 0
 175562
 1996
 65839
 109754
 1727
 111481
 0
 111458
 1095
198
 121728
 121728
 0
 119123
 1086
 47051
 73781
 896
 74677
 0
 74664
 763
199
 127644
 127643
 0
 126066
 7009
 43105
 78251
 6287
 84538
 0
 84536
 729
200
 163228
 163228
 0
 161007
 9110
 55448
 99285
 8495
 107780
 0
 107779
 817
201
 134108
 134118
 0
 131420
 4842
 51062
 78640
 4416
 83056
 0
 83056
 898
202
 160320
 160320
 0
 158464
 6781
 53225
 100837
 6258
 107095
 0
 107088
 855
203
 158068
 158060
 0
 155700
 5427
 52907
 100385
 4768
 105153
 0
 105153
 981
204
 189776
 189776
 0
 185149
 1924
 69542
 118711
 1523
 120234
 10
 120219
 1208
205
 196592
 196592
 0
 194079
 7487
 74201
 115323
 7068
 122391
 0
 122390
 1572
206
 147024
 147024
 0
 145706
 4389
 67101
 75885
 4038
 79923
 0
 79922
 1563
207
 174576
 174572
 0
 172374
 8243
 65345
 103710
 5517
 109227
 0
 109227
 1476
208
 231484
 231487
 0
 226177
 2345
 85706
 143866
 1915
 145781
 0
 145774
 1753
209
 114880
 114620
 0
 112866
 8264
 43745
 63551
 7324
 70875
 0
 70875
 828
210
 110356
 110355
 0
 108638
 7487
 39374
 64094
 6887
 70981
 0
 70980
 691
211
 151180
 151178
 0
 148690
 6697
 58061
 87314
 5803
 93117
 0
 93115
 952
212
 143976
 143976
 0
 141252
 7178
 48443
 89067
 6466
 95533
 0
 95533
 799
213
 129876
 129876
 0
 127145
 7850
 48858
 73965
 7053
 81018
 0
 81018
 1086
214
 173964
 173972
 0
 171934
 924
 64610
 108661
 688
 109348
 0
 109325
 1044
215
 281596
 281603
 0
 279753
 1043
 99331
 181587
 685
 182272
 4
 182228
 1479
216
 288724
 288731
 0
 286519
 1876
 102041
 185524
 1166
 186690
 0
 186623
 1540
217
 269344
 269342
 0
 268632
 1766
 97908
 170244
 1154
 171397
 8
 171137
 1742
218
 231616
 231615
 0
 229461
 1987
 85942
 144466
 1175
 145653
 0
 145489
 1184
219
 94404
 94404
 0
 92453
 1500
 37680
 55775
 948
 56724
 0
 56703
 488
220
 149452
 149451
 0
 146933
 1088
 55262
 93444
 741
 94186
 0
 94148
 842
221
 258196
 258142
 0
 256118
 1525
 88333
 168828
 966
 169799
 0
 169759
 1659
222
 250716
 250703
 0
 246274
 1639
 97324
 152216
 1162
 153378
 0
 153279
 1335
223
 186500
 186500
 12
 182026
 1979
 75158
 109911
 1435
 111348
 0
 111321
 1327

333
 462920
 462840
 0
 474046
 0
 390016
 72821
 0
 72824
 0
 72817
 579
