1	97337		43.37 	42218
2	89909		45.32 	40749
3	111761		39.53 	44178
4	108503		40.77 	44232
5	93531		44.37 	41500
6	102177		48.28 	49332
7	85946		44.80 	38500
8	93377		45.05 	42069
9	103058		47.97 	49438
10	102920		41.32 	42522
11	120252		48.46 	58279
12	106772		46.37 	49510
13	126674		37.12 	47020
14	134696		33.05 	44523
15	140390		27.49 	38594
16	150037		29.74 	44624
17	142997		31.12 	44505
18	139633		23.47 	32778
19	114088		75.02 	85593
20	123718		76.59 	94758
21	139176		79.13 	110127
22	125610		71.87 	90276
23	132765		74.26 	98590
24	120870		63.41 	76640
25	100879		68.37 	68973
26	124744		63.49 	79202
27	138828		69.03 	95833
28	125734		65.78 	82702
29	95832		56.07 	53729
30	112330		60.01 	67410
31	132980		52.96 	70430
32	132786		53.59 	71161
33	132488		55.37 	73355
34	114919		47.17 	54213
35	106703		37.04 	39526
36	147443		57.80 	85223
37	113487		49.74 	56452
38	125899		52.27 	65805
39	145836		48.35 	70512
40	124690		56.29 	70192
41	121143		51.47 	62349
42	117328		57.11 	67008
43	118879		54.55 	64852
44	123173		53.05 	65343
45	125256		57.14 	71572
46	149251		49.21 	73440
47	101238		51.26 	51899
48	105472		50.18 	52924
49	146333		52.22 	76412
50	127460		52.29 	66652
51	113794		47.73 	54316
52	121495		50.21 	60999
53	143510		59.69 	85668
54	123727		59.75 	73932
55	128073		56.09 	71835
56	122263		58.59 	71636
57	150710		48.99 	73835
58	136735		57.34 	78405
59	147295		54.90 	80868
60	127169		46.26 	58830
61	123982		49.37 	61212
62	149707		52.64 	78806
63	119695		45.57 	54547
64	126342		55.35 	69930
65	141319		43.71 	61766
66	125814		45.99 	57858
67	147665		41.74 	61629
68	136013		52.14 	70921
69	144566		50.35 	72792
70	153276		76.94 	117932
71	160954		83.99 	135178
72	169586		89.01 	150945
73	136502		85.59 	116835
74	157313		86.72 	136424
75	110321		51.52 	56840
76	109356		55.20 	60364
77	102348		53.55 	54808
78	101208		50.99 	51609
79	129619		39.45 	51140
80	126223		38.50 	48590
81	108609		43.78 	47548
82	134576		36.42 	49006
83	134404		40.05 	53826
84	122827		82.84 	101744
85	172852		93.31 	161285
86	156753		92.19 	144517
87	147492		94.80 	139820
88	158323		94.98 	150382
89	173330		93.52 	162091
90	143241		55.25 	79134
91	124203		62.54 	77671
92	117482		51.73 	60768
93	136092		62.02 	84404
94	122977		65.15 	80118
95	149458		66.37 	99190
96	118243		55.01 	65046
97	144037		49.55 	71373
98	144956		44.92 	65111
99	125757		36.20 	45520
100	128161		35.25 	45182
101	137515		38.77 	53311
102	144477		48.12 	69520
103	109927		43.20 	47493
104	112586		43.08 	48504
105	131204		42.10 	55236
106	96288		43.09 	41494
107	136445		34.79 	47467
108	131750		41.06 	54096
109	118894		39.02 	46396
110	126897		45.63 	57903
111	108213		47.49 	51394
112	139335		37.51 	52263
113	153057		37.59 	57527
114	104434		37.10 	38749
115	132639		82.50 	109432
116	121582		83.59 	101631
117	129667		83.03 	107667
118	150949		90.49 	136590
119	153915		94.54 	145518
120	163270		96.72 	157910
121	161391		91.43 	147554
122	161576		95.76 	154730
123	155539		94.80 	147450
124	134346		92.24 	123919
125	151948		95.11 	144512
126	156261		94.09 	147028
127	93178		54.97 	51221
128	100002		55.39 	55388
129	116812		54.15 	63255
130	122882		36.41 	44742
131	117422		35.63 	41839
132	105165		42.25 	44436
133	100676		60.91 	61317
134	105982		64.95 	68835
135	122362		65.73 	80429
136	103916		59.47 	61798
137	102212		43.57 	44538
138	106472		61.84 	65837
139	113140		38.43 	43475
140	96067		49.00 	47071
141	109963		40.75 	44810
142	101511		38.51 	39089
143	111376		56.45 	62876
144	119221		51.05 	60865
145	126448		44.06 	55717
146	125743		36.49 	45883
147	135861		24.96 	33914
148	136789		29.49 	40340
149	110355		32.49 	35856
150	124328		35.76 	44465
151	130992		29.27 	38342
152	124803		72.07 	89940
153	147850		81.06 	119854
154	155317		85.34 	132540
155	140288		64.87 	91005
156	139017		77.59 	107870
157	138154		49.02 	67721
158	150417		46.90 	70539
159	140527		48.47 	68112
160	150910		52.66 	79475
161	137625		41.89 	57654
162	125861		52.32 	65851
163	126805		87.40 	110824
164	176097		89.58 	157744
165	151999		95.56 	145245
166	179777		94.23 	169398
167	154437		93.34 	144148
168	118907		54.53 	64836
169	96451		52.87 	50990
170	106545		48.69 	51880
171	97806		49.47 	48381
172	95845		47.83 	45845
173	134851		53.09 	71591
174	103844		50.38 	52312
175	121882		53.41 	65092
176	135513		48.89 	66249
177	134143		34.38 	46121
178	130579		39.08 	51031
179	137116		32.37 	44388
180	128688		45.02 	57936
181	113519		48.94 	55558
182	88598		48.03 	42554
183	98767		48.47 	47874
184	104044		49.68 	51690
185	121243		31.57 	38281
186	108962		37.19 	40523
187	116493		39.79 	46349
188	127960		64.43 	82439
189	120409		43.67 	52588
190	130978		52.48 	68742
191	137181		44.86 	61539
192	137942		50.98 	70316
193	108295		48.43 	52447
194	113984		51.42 	58610
195	101378		48.98 	49658
196	96127		47.61 	45768
197	113507		36.37 	41277
198	149100		34.52 	51471
199	105706		38.61 	40813
200	144120		37.00 	53325
201	126688		40.99 	51933
202	113616		74.74 	84922
203	136222		87.21 	118803
204	133085		71.48 	95127
205	130679		59.03 	77144
206	113719		49.55 	56343
207	136130		38.05 	51797
208	141896		43.65 	61938
209	135372		29.18 	39507
210	128895		23.87 	30766
211	126881		41.78 	53007
212	92359		65.10 	60130
213	101580		64.91 	65933
214	98840		65.05 	64298
215	89755		64.03 	57473
216	103168		64.78 	66835
217	101203		63.40 	64161
218	98832		64.95 	64191
219	116511		65.15 	75910
220	108036		65.37 	70628
221	111205		64.77 	72023
222	95722		65.52 	62716
223	101698		64.99 	66094
224	95045		50.90 	48378
225	93741		49.43 	46332
333	30598		79.73 	24397