 1	162025	97 389	97337	1 684	3 708
 2	148948	90 029	89909	1 638	3 146
 3	163715	111 791	111761	2 712	1 830
 4	168384	108 556	108503	2 574	3 070
 5	151784	93 589	93531	1 565	2 618
 6	154537	102 209	102177	2 131	2 625
 7	154352	85 991	85946	2 047	3 008
 8	140852	93 408	93377	2 265	1 608
 9	144340	103 108	103058	2 382	2 346
 10	152111	102 936	102920	2 414	2 108

 11	171241	120 278	120252	2 517	9 702
 12	165334	106 787	106772	2 087	9 337
 13	166626	126 695	126674	4 162	4 758
 14	176434	134 709	134696	4 160	4 289
 15	170370	140 405	140390	3 469	4 185
 16	186156	150 060	150037	4 174	4 909
 17	178068	143 037	142997	4 134	4 583
 18	182066	139 651	139633	3 331	3 422

 19	154275	114 129	114088	1 803	5 210
 20	150640	123 740	123718	2 944	3 937
 21	155950	139 209	139176	2 859	3 235
 22	155344	125 631	125610	3 391	4 317
 23	156279	132 816	132765	3 586	2 809

 24	180380	120 905	120870	1 540	4 587
 25	135891	100 944	100879	1 133	4 910
 26	174841	124 788	124744	1 735	4 287
 27	184641	139 004	138828	1 292	4 552
 28	184846	125 762	125734	1 765	3 982
 29	133218	95 859	95832	1 551	3 976
 30	162810	112 369	112330	2 122	3 541
 31	191193	133 043	132980	2 048	5 123
 32	194849	132 811	132786	2 268	4 959
 33	184906	132 527	132488	2 583	4 593
 34	142417	114 937	114919	4 211	3 251
 35	157160	106 766	106703	2 077	8 961
 36	181322	147 532	147443	3 263	5 132
 37	148334	113 516	113487	2 688	3 218
 38	167382	125 921	125899	2 938	3 045
 39	173821	145 940	145836	5 477	3 127
 40	153613	124 690	124690	3 732	3 043

 41	161131	121 342	121143	3 160	3 909
 42	149198	117 388	117328	2 176	6 267
 43	152707	119 225	118879	3 349	4 795
 44	148125	123 321	123173	3 108	3 485
 45	151301	126 118	125256	3 605	4 060
 46	179896	149 510	149251	5 837	4 678
 47	144266	101 311	101238	1 792	2 954
 48	154444	105 550	105472	1 916	3 692
 49	184495	146 573	146333	4 602	4 411
 50	161375	127 697	127460	2 398	3 686
 51	151584	114 105	113794	2 329	3 162
 52	167765	121 689	121495	1 775	5 234
 53	183154	143 650	143510	4 003	3 921
 54	150237	123 734	123727	3 146	2 504
 55	189530	128 516	128073	1 764	4 588
 56	177884	124 927	122263	2 231	4 149
 57	176277	150 960	150710	5 322	3 359
 58	163053	138 666	136735	4 440	4 033
 59	168603	147 635	147295	7 955	3 358
 60	152827	127 478	127169	4 740	4 471
 61	154277	124 066	123982	4 132	3 229
 62	174695	150 150	149707	4 382	4 075
 63	145554	119 786	119695	4 059	2 413

 64	190766	126 380	126342	2 200	8 274
 65	183480	141 351	141319	3 644	4 757
 66	160500	125 843	125814	4 545	2 449
 67	188102	147 689	147665	4 908	3 777
 68	181702	136 046	136013	3 353	3 435
 69	185793	144 620	144566	3 861	4 501

 70	185137	153 312	153276	5 207	8 115
 71	175572	161 003	160954	6 900	4 327
 72	183631	169 722	169586	4 386	2 477
 73	166610	136 527	136502	4 511	2 496
 74	167828	157 421	157313	5 141	1 609

 75	171762	110 370	110321	1 837	5 485
 76	166018	109 398	109356	1 495	5 587
 77	155137	102 400	102348	1 661	4 732
 78	156209	101 223	101208	1 494	4 312
 79	177871	129 629	129619	1 691	4 095
 80	189142	126 234	126223	2 642	4 426
 81	173520	108 635	108609	1 639	4 332
 82	180251	134 588	134576	2 435	3 345
 83	172458	134 432	134404	2 913	3 770

 84	167139	122 865	122827	1 752	3 819
 85	190022	172 892	172852	3 001	2 313
 86	173961	156 795	156753	2 828	1 972
 87	150994	147 530	147492	3 736	1 304
 88	171415	158 342	158323	2 404	1 403
 89	186448	173 378	173330	3 828	1 609

 90	197959	143 287	143241	3 910	6 842
 91	155925	124 332	124203	5 828	3 305
 92	147138	117 513	117482	3 808	4 447
 93	178911	136 136	136092	3 374	5 608
 94	191102	123 050	122977	3 233	6 700
 95	195455	149 484	149458	4 359	4 916
 96	173178	118 252	118243	2 882	5 155
 97	193750	144 086	144037	5 079	6 053

 98	210785	144 981	144956	2 116	8 176
 99	155460	125 815	125757	3 272	2 892
 100	156755	128 223	128161	7 406	3 782
 101	184940	137 535	137515	2 612	5 175
 102	178355	144 545	144477	3 536	5 245

 103	152547	110 031	109927	2 563	4 773
 104	160423	112 625	112586	2 137	4 926
 105	190773	131 348	131204	2 660	4 324
 106	146392	96 350	96288	1 967	3 210
 107	187429	136 459	136445	2 949	3 570
 108	181740	131 770	131750	2 644	3 704
 109	157435	118 946	118894	3 809	2 764
 110	172169	126 918	126897	3 416	2 475
 111	152971	108 252	108213	1 639	5 093
 112	167466	139 346	139335	4 337	3 048
 113	182640	153 085	153057	4 834	2 881
 114	165080	104 452	104434	2 375	3 002

 115	182051	132 785	132639	1 977	4 026
 116	166834	121 834	121582	2 962	3 206
 117	167149	129 712	129667	2 374	3 468
 118	178420	151 159	150949	2 589	2 565
 119	159954	153 983	153915	3 467	1 433
 120	166090	163 289	163270	2 130	1 042
 121	179159	161 464	161391	3 017	2 257
 122	169834	161 671	161576	2 202	1 486
 123	165009	155 573	155539	3 502	1 715
 124	154139	134 389	134346	1 922	1 866
 125	157683	151 958	151948	3 815	0 986
 126	168421	156 281	156261	2 299	1 529

 127	157260	93 212	93178	1 620	3 459
 128	158667	100 015	100002	1 780	2 956
 129	188947	116 840	116812	2 737	3 490
 130	156858	122 893	122882	2 544	2 547
 131	154124	117 441	117422	2 618	2 538
 132	153326	105 186	105165	2 523	3 543

 133	189264	101 006	100676	2 783	5 127
 134	166011	106 159	105982	2 768	4 924
 135	201891	122 474	122362	2 786	7 906
 136	184461	103 993	103916	3 086	5 467
 137	163998	102 237	102212	2 961	2 227
 138	174389	106 491	106472	3 207	3 405
 139	160723	113 213	113140	4 305	1 600
 140	155632	96 155	96067	3 004	2 501
 141	144521	110 076	109963	5 253	1 454
 142	143461	101 539	101511	3 815	1 777
 143	160443	111 420	111376	3 845	2 554

 144	169589	119 255	119221	2 308	10 009
 145	173408	126 483	126448	2 623	8 511
 146	184063	125 774	125743	1 726	8 959
 147	162290	135 905	135861	2 083	5 336
 148	165013	136 815	136789	2 397	5 670
 149	145079	110 361	110355	2 806	4 718
 150	148897	124 338	124328	2 659	4 292
 151	157002	130 996	130992	3 162	4 847

 152	177718	124 829	124803	2 232	7 244
 153	171289	147 905	147850	3 804	3 652
 154	171050	155 387	155317	3 715	3 635
 155	165611	140 378	140288	6 094	5 075
 156	159782	139 039	139017	4 937	3 784

 157	192624	138 271	138154	2 317	10 093
 158	184315	150 472	150417	5 887	5 364
 159	184671	140 561	140527	5 146	4 500
 160	173507	151 230	150910	7 587	6 041
 161	154743	137 666	137625	7 590	4 746
 162	147601	125 884	125861	4 934	4 200

 163	169295	126 823	126805	1 315	3 911
 164	191355	176 122	176097	2 858	2 728
 165	157270	152 022	151999	2 044	1 403
 166	193613	179 862	179777	2 718	2 045
 167	162494	154 488	154437	3 033	1 534

 168	174255	118 958	118907	1 429	8 583
 169	149587	96 495	96451	1 279	6 490
 170	166326	106 587	106545	1 962	6 023
 171	160129	97 819	97806	1 916	5 544
 172	149211	95 863	95845	1 432	5 064
 173	202424	134 881	134851	2 664	7 014
 174	167014	103 876	103844	1 978	5 553
 175	159324	121 923	121882	4 288	4 056
 176	161071	135 553	135513	6 935	3 341
 177	175922	134 172	134143	3 968	4 523
 178	161534	130 630	130579	4 003	2 865
 179	172120	137 139	137116	3 603	3 882
 180	160118	128 733	128688	4 332	3 669
 181	156120	113 640	113519	3 988	3 874

 182	136942	88 617	88598	1 510	3 034
 183	154518	98 820	98767	2 471	3 718
 184	167323	104 079	104044	2 131	4 276
 185	155828	121 254	121243	2 663	2 343
 186	149383	108 970	108962	1 967	2 959
 187	158419	116 611	116493	2 375	3 951

 188	192578	127 996	127960	2 509	6 652
 189	142054	120 422	120409	5 993	3 334
 190	155125	131 000	130978	4 447	3 359
 191	176552	137 209	137181	4 850	4 131
 192	161527	137 977	137942	8 284	3 331
 193	147924	108 302	108295	3 187	4 175
 194	144999	113 999	113984	4 861	3 005

 195	153265	101 414	101378	1 970	7 289
 196	146726	96 162	96127	1 740	6 538
 197	145500	113 537	113507	3 745	3 956
 198	181884	149 136	149100	6 971	5 605
 199	148757	105 723	105706	2 804	4 982
 200	183646	144 149	144120	4 464	4 812
 201	168496	126 735	126688	5 161	4 955

 202	182383	113 669	113616	2 452	4 210
 203	169730	136 248	136222	3 892	2 013
 204	168521	133 110	133085	5 300	1 745
 205	170643	130 703	130679	5 250	2 675

 206	169149	113 748	113719	1 728	7 769
 207	177188	136 159	136130	4 327	5 646
 208	179206	141 930	141896	4 452	4 128
 209	174499	135 403	135372	3 131	4 802
 210	166897	128 920	128895	2 739	4 742
 211	147501	126 887	126881	2 804	2 762

 212	151204	92 404	92359	1 560	6 636
 213	174609	101 631	101580	1 759	7 438
 214	160189	98 916	98840	1 336	8 658
 215	140839	89 785	89755	1 264	6 692
 216	166465	103 215	103168	2 083	8 121
 217	166758	101 269	101203	1 563	6 861
 218	171369	98 900	98832	1 557	6 787
 219	192889	116 527	116511	1 957	8 467
 220	171581	108 104	108036	1 789	8 244
 221	183406	111 251	111205	2 261	8 222
 222	158109	95 774	95722	1 456	6 913
 223	149349	101 747	101698	0 986	8 340

 224	150350	95 087	95045	1 445	4 535
 225	146868	93 771	93741	1 545	4 072


 333	121201	30611	30598	349	1199