1	97337		51.09 	49727
2	89909		49.36 	44376
3	111761		56.41 	63041
4	108503		54.03 	58627
5	93531		51.16 	47848
6	102177		47.06 	48089
7	85946		49.32 	42391
8	93377		50.80 	47435
9	103058		47.44 	48892
10	102920		54.29 	55876
11	120252		41.37 	49754
12	106772		42.93 	45838
13	126674		55.84 	70734
14	134696		60.67 	81724
15	140390		67.06 	94142
16	150037		64.20 	96330
17	142997		62.78 	89775
18	139633		71.69 	100102
19	114088		18.83 	21482
20	123718		17.85 	22079
21	139176		16.49 	22955
22	125610		21.99 	27626
23	132765		20.92 	27780
24	120870		31.52 	38103
25	100879		25.64 	25863
26	124744		31.68 	39520
27	138828		26.76 	37151
28	125734		29.65 	37285
29	95832		38.17 	36576
30	112330		34.95 	39257
31	132980		41.64 	55379
32	132786		40.97 	54398
33	132488		39.22 	51957
34	114919		46.33 	53244
35	106703		52.61 	56139
36	147443		36.51 	53825
37	113487		45.05 	51129
38	125899		42.98 	54111
39	145836		45.75 	66720
40	124690		38.27 	47723
41	121143		42.70 	51725
42	117328		35.69 	41877
43	118879		38.60 	45883
44	123173		41.60 	51237
45	125256		36.74 	46019
46	149251		43.75 	65296
47	101238		44.05 	44593
48	105472		44.50 	46940
49	146333		41.62 	60908
50	127460		42.93 	54724
51	113794		47.44 	53987
52	121495		44.02 	53487
53	143510		34.78 	49918
54	123727		35.68 	44145
55	128073		38.95 	49886
56	122263		36.19 	44247
57	150710		45.25 	68194
58	136735		36.46 	49857
59	147295		37.42 	55114
60	127169		46.50 	59128
61	123982		44.69 	55409
62	149707		41.71 	62444
63	119695		49.02 	58676
64	126342		36.36 	45938
65	141319		50.35 	71152
66	125814		48.45 	60962
67	147665		52.38 	77351
68	136013		42.87 	58304
69	144566		43.86 	63412
70	153276		14.37 	22022
71	160954		9.04 	14549
72	169586		6.95 	11778
73	136502		9.27 	12660
74	157313		8.99 	14139
75	110321		41.84 	46159
76	109356		38.32 	41910
77	102348		40.20 	41147
78	101208		43.27 	43793
79	129619		56.08 	72693
80	126223		55.91 	70565
81	108609		50.72 	55090
82	134576		59.29 	79790
83	134404		54.98 	73895
84	122827		12.63 	15512
85	172852		3.62 	6253
86	156753		4.74 	7436
87	147492		1.78 	2632
88	158323		2.61 	4134
89	173330		3.35 	5802
90	143241		37.25 	53355
91	124203		30.11 	37399
92	117482		41.25 	48459
93	136092		31.38 	42706
94	122977		26.77 	32926
95	149458		27.43 	40993
96	118243		38.19 	45160
97	144037		42.72 	61532
98	144956		47.98 	69553
99	125757		58.90 	74073
100	128161		56.02 	71791
101	137515		55.57 	76417
102	144477		45.80 	66176
103	109927		50.12 	55098
104	112586		50.64 	57019
105	131204		52.58 	68984
106	96288		51.53 	49617
107	136445		60.43 	82459
108	131750		54.12 	71306
109	118894		55.45 	65925
110	126897		49.73 	63103
111	108213		46.29 	50087
112	139335		57.19 	79687
113	153057		57.37 	87815
114	104434		57.75 	60308
115	132639		12.97 	17204
116	121582		11.34 	13783
117	129667		12.46 	16158
118	150949		6.10 	9205
119	153915		2.27 	3497
120	163270		1.34 	2188
121	161391		5.31 	8563
122	161576		1.95 	3158
123	155539		1.85 	2872
124	134346		4.94 	6639
125	151948		1.73 	2635
126	156261		3.46 	5405
127	93178		39.58 	36878
128	100002		39.88 	39878
129	116812		40.52 	47330
130	122882		59.45 	73049
131	117422		59.98 	70427
132	105165		51.98 	54663
133	100676		31.24 	31449
134	105982		27.79 	29455
135	122362		25.53 	31241
136	103916		32.30 	33565
137	102212		51.35 	52486
138	106472		31.95 	34023
139	113140		56.35 	63760
140	96067		45.27 	43491
141	109963		53.15 	58446
142	101511		55.98 	56830
143	111376		37.80 	42101
144	119221		38.62 	46039
145	126448		47.13 	59597
146	125743		55.01 	69175
147	135861		69.58 	94528
148	136789		64.61 	88382
149	110355		60.69 	66975
150	124328		58.64 	72912
151	130992		64.62 	84641
152	124803		20.34 	25387
153	147850		13.89 	20540
154	155317		9.93 	15427
155	140288		27.17 	38114
156	139017		16.13 	22426
157	138154		42.00 	58023
158	150417		45.62 	68627
159	140527		44.67 	62769
160	150910		38.31 	57807
161	137625		49.14 	67635
162	125861		40.42 	50876
163	126805		8.48 	10755
164	176097		7.25 	12767
165	151999		2.18 	3307
166	179777		3.12 	5616
167	154437		3.71 	5722
168	118907		37.05 	44059
169	96451		39.08 	37692
170	106545		43.81 	46680
171	97806		42.91 	41965
172	95845		45.39 	43504
173	134851		39.73 	53582
174	103844		42.37 	44001
175	121882		39.75 	48446
176	135513		43.53 	58988
177	134143		59.29 	79531
178	130579		55.66 	72680
179	137116		62.17 	85243
180	128688		48.76 	62751
181	113519		44.13 	50099
182	88598		46.84 	41500
183	98767		45.26 	44704
184	104044		44.16 	45947
185	121243		64.30 	77956
186	108962		58.29 	63513
187	116493		54.78 	63818
188	127960		28.42 	36360
189	120409		48.58 	58494
190	130978		41.56 	54430
191	137181		48.59 	66661
192	137942		40.60 	56011
193	108295		44.77 	48486
194	113984		41.68 	47508
195	101378		41.88 	42461
196	96127		43.78 	42081
197	113507		56.85 	64529
198	149100		57.04 	85053
199	105706		54.02 	57107
200	144120		56.56 	81519
201	126688		51.02 	64639
202	113616		19.39 	22032
203	136222		8.45 	11514
204	133085		23.23 	30913
205	130679		34.90 	45610
206	113719		42.10 	47879
207	136130		54.62 	74360
208	141896		50.30 	71378
209	135372		64.96 	87932
210	128895		70.33 	90648
211	126881		53.84 	68308
212	92359		26.02 	24033
213	101580		26.04 	26450
214	98840		24.84 	24548
215	89755		27.10 	24326
216	103168		25.33 	26129
217	101203		28.28 	28618
218	98832		26.61 	26297
219	116511		25.90 	30177
220	108036		25.34 	27375
221	111205		25.81 	28699
222	95722		25.74 	24637
223	101698		25.84 	26278
224	95045		42.81 	40687
225	93741		44.58 	41792
333	30598		15.21 	4653