11
 175568
 175566
 0
 169643
 1839
 63351
 110629
 1586
 112215
 0
 112212
 3229
12
 181456
 181455
 0
 178015
 2813
 68472
 110504
 2479
 112983
 0
 112983
 3116
13
 149120
 149120
 0
 145587
 5897
 56791
 86939
 5390
 92329
 0
 92329
 1923
14
 163520
 163519
 0
 160040
 5889
 63272
 94751
 5496
 100247
 0
 100246
 2152
15
 152080
 152079
 0
 148577
 5287
 62069
 85183
 4827
 90010
 0
 90008
 1788
16
 138464
 138464
 0
 134510
 5649
 60870
 72642
 4952
 77594
 0
 77594
 1562
17
 160832
 160832
 0
 157074
 4598
 63593
 92974
 4265
 97239
 0
 97239
 2040
18
 139168
 139168
 0
 135415
 7279
 51960
 80413
 6795
 87208
 0
 87207
 1711
19
 142816
 142816
 0
 139140
 4406
 55538
 83344
 3934
 87278
 0
 87278
 2348
20
 161856
 161856
 0
 157107
 6882
 59202
 96383
 6271
 102654
 0
 102654
 2311
21
 156320
 156320
 0
 152038
 4907
 59420
 92492
 4408
 96900
 0
 96900
 2563
22
 157744
 157744
 0
 153975
 1297
 55334
 101307
 1103
 102410
 0
 102409
 3228
23
 163264
 163264
 0
 158533
 5162
 63075
 95393
 4796
 100189
 0
 100189
 2269
24
 153408
 153408
 0
 150547
 1872
 51367
 100544
 1497
 102041
 0
 102040
 2289
25
 143744
 143724
 0
 141296
 1160
 48181
 94627
 916
 95543
 0
 95541
 2234
26
 137232
 137216
 0
 136221
 1331
 46468
 89770
 978
 90748
 0
 90747
 1996
27
 136576
 136576
 0
 134479
 1100
 46529
 89214
 833
 90047
 0
 90047
 2250
28
 143680
 143689
 0
 141275
 949
 50344
 92605
 740
 93345
 0
 93344
 1991
29
 145408
 145408
 0
 143756
 2531
 50997
 92218
 2193
 94411
 0
 94411
 1961
30
 157904
 157903
 0
 154779
 982
 57830
 99277
 796
 100073
 0
 100071
 2092

31
 166928
 166928
 0
 163103
 2336
 53396
 111713
 1819
 113532
 0
 113532
 1921
32
 167616
 167616
 0
 163923
 3457
 52856
 112055
 2705
 114760
 0
 114760
 1838
33
 141968
 141968
 0
 138584
 2210
 46956
 93240
 1772
 95012
 0
 95009
 1735
34
 150720
 150720
 0
 146291
 4930
 58907
 87474
 4339
 91813
 0
 91811
 1682
35
 161456
 161456
 0
 157435
 1809
 64771
 95169
 1516
 96685
 0
 96685
 1997
36
 152032
 152032
 0
 149380
 2117
 49438
 100736
 1858
 102594
 0
 102594
 1723
37
 147824
 147824
 0
 142920
 4670
 57038
 86673
 4113
 90786
 0
 90785
 1432
38
 146208
 146208
 0
 142868
 3633
 53597
 89294
 3317
 92611
 0
 92610
 1630
39
 147952
 147952
 0
 144943
 5223
 54336
 88838
 4778
 93616
 0
 93615
 1468
40
 143600
 143600
 0
 139956
 4160
 56990
 83043
 3567
 86610
 0
 86610
 1505
45
 44912
 44912
 0
 43645
 1123
 23648
 20308
 956
 21264
 0
 21264
 757
46
 152864
 152864
 0
 149897
 3595
 66071
 83708
 3085
 86793
 0
 86791
 2314
47
 134272
 134272
 0
 132914
 3592
 59029
 72212
 3031
 75243
 0
 75243
 1840
48
 148512
 148512
 0
 146370
 1146
 61310
 86339
 863
 87202
 0
 87201
 2142
49
 146256
 146254
 0
 143078
 3176
 67886
 75547
 2821
 78368
 0
 78366
 1749
50
 155392
 155392
 0
 152359
 2325
 65004
 88395
 1993
 90388
 0
 90387
 1984
51
 2736
 2736
 0
 2681
 86
 2225
 449
 62
 511
 0
 511
 9
52
 64704
 64704
 0
 63028
 1206
 34231
 29427
 1046
 30473
 0
 30472
 1050
57
 165120
 165120
 0
 160685
 1435
 70485
 93432
 1203
 94635
 0
 94635
 2039
58
 158144
 158144
 0
 155251
 966
 64385
 92984
 775
 93759
 0
 93759
 2059
59
 156480
 156080
 0
 153122
 4121
 69452
 83157
 3471
 86628
 0
 86628
 2492
60
 124048
 124048
 0
 121102
 5252
 52121
 67434
 4493
 71927
 0
 71927
 1725

62
 169216
 169216
 0
 164421
 1102
 62708
 105657
 851
 106508
 0
 106507
 2884
63
 162480
 162480
 0
 158106
 6242
 64715
 92103
 5662
 97765
 0
 97765
 2092
64
 161696
 161696
 0
 156883
 3268
 68290
 90425
 2981
 93406
 0
 93405
 1752
65
 152800
 152799
 0
 147922
 5317
 65352
 82603
 4844
 87447
 0
 87447
 1653
66
 167232
 167232
 0
 163066
 5789
 69461
 92547
 5224
 97771
 0
 97770
 1902
67
 169680
 169680
 0
 164556
 5844
 67571
 97091
 5018
 102109
 0
 102107
 2260
68
 157488
 157488
 0
 154334
 1488
 70996
 85292
 1200
 86492
 0
 86492
 2899
69
 158000
 157998
 0
 156146
 2021
 84170
 72139
 1689
 73828
 0
 73828
 1960
70
 164800
 164816
 0
 162523
 3246
 77898
 83957
 2961
 86918
 0
 86918
 1950
71
 154352
 154352
 0
 152533
 1868
 85019
 67852
 1481
 69333
 0
 69333
 1846
72
 174384
 174384
 0
 172490
 1687
 112564
 60448
 1372
 61820
 0
 61820
 1303
73
 148032
 148022
 0
 145749
 1503
 87916
 58837
 1269
 60106
 0
 60106
 1556
74
 138336
 138335
 0
 134738
 1203
 49954
 87451
 930
 88381
 0
 88381
 2104
75
 156848
 156848
 0
 153309
 1506
 54542
 101201
 1105
 102306
 0
 102306
 2285
76
 159008
 159009
 0
 155304
 1537
 54029
 103826
 1153
 104979
 0
 104969
 2436
77
 137600
 137600
 0
 135261
 783
 47678
 89337
 585
 89922
 0
 89921
 1805
78
 152560
 152557
 0
 149670
 4673
 58529
 89957
 4071
 94028
 0
 94028
 1625
79
 170400
 170400
 0
 165661
 3821
 65649
 101473
 3278
 104751
 0
 104751
 1787
80
 158464
 158464
 0
 155315
 1596
 61401
 95675
 1388
 97063
 0
 97063
 1572
81
 159344
 159344
 0
 155500
 4230
 64736
 90869
 3739
 94608
 0
 94608
 1459
82
 156880
 156880
 0
 150804
 5475
 60895
 91272
 4713
 95985
 0
 95985
 1714
83
 170336
 170336
 0
 165256
 1334
 68260
 101033
 1043
 102076
 0
 102070
 3616
84
 165024
 165025
 0
 161890
 5564
 63003
 96714
 5308
 102022
 0
 102020
 2846
85
 140160
 140083
 0
 136502
 4500
 54108
 81677
 4298
 85975
 0
 85975
 2469
86
 146720
 146730
 0
 144043
 4590
 57931
 84459
 4340
 88799
 0
 88798
 2418
87
 149744
 149734
 0
 147272
 3774
 65191
 81030
 3513
 84543
 0
 84543
 2520
88
 158032
 158032
 0
 153766
 6184
 69869
 82469
 5694
 88163
 0
 88163
 2525
89
 142880
 142880
 0
 140164
 5574
 64556
 73040
 5284
 78324
 0
 78324
 2178
90
 151664
 151663
 0
 148231
 1086
 54324
 96489
 850
 97339
 0
 97338
 2699
91
 150752
 150752
 0
 149127
 3569
 758374
 89127
 3250
 92378
 0
 92378
 2079
92
 151536
 151536
 0
 148423
 7218
 59605
 85214
 6717
 91931
 0
 91929
 2018
93
 141184
 141184
 0
 138733
 5334
 52372
 84021
 4791
 88812
 0
 88811
 1868
94
 153152
 153152
 0
 152245
 2699
 52113
 98552
 2487
 101039
 0
 101039
 2279
95
 200864
 200864
 0
 204296
 502
 68348
 132095
 421
 132516
 0
 132513
 3130
96
 186752
 186752
 0
 185955
 3593
 66496
 117125
 3131
 120256
 0
 120256
 2664
97
 179968
 179968
 0
 179718
 2717
 65049
 112577
 2342
 114919
 0
 114915
 2593
98
 179344
 179308
 0
 177925
 6042
 64150
 109817
 5341
 115158
 0
 115157
 2598
99
 168288
 168288
 0
 162291
 1352
 66851
 100356
 1081
 101437
 0
 101434
 2378
100
 150448
 150448
 0
 146511
 5321
 62716
 82993
 4739
 87732
 0
 87732
 1595
101
 142304
 142304
 0
 139389
 4712
 62030
 76105
 4169
 80274
 0
 80273
 1553
102
 143712
 143711
 0
 140055
 4965
 58503
 80895
 4313
 85208
 0
 85208
 1697
103
 146064
 146074
 0
 142333
 4047
 58972
 83461
 3641
 87102
 0
 87101
 1643
105
 9856
 9856
 0
 9552
 93
 5172
 4606
 78
 4684
 0
 4684
 115
106
 101760
 101761
 0
 101552
 2381
 39367
 60620
 1774
 62394
 0
 62393
 1396
107
 105872
 105872
 0
 103148
 1300
 52296
 52648
 928
 53576
 0
 53575
 1328
112
 66528
 66528
 0
 65392
 851
 31070
 34801
 657
 35458
 0
 35458
 826
113
 148288
 148287
 0
 145775
 7283
 59386
 82436
 6465
 88901
 0
 88901
 1470
114
 108528
 108384
 0
 106115
 3987
 54096
 50885
 3403
 54288
 0
 54288
 1202
115
 170880
 170920
 0
 166873
 1656
 55383
 114191
 1346
 115537
 0
 115527
 2984
116
 172736
 172736
 0
 172228
 1327
 55082
 116616
 1038
 117654
 0
 117650
 3410
117
 170832
 170831
 0
 168669
 1703
 57433
 112049
 1349
 113398
 0
 113398
 3437
118
 174032
 174032
 0
 171657
 2994
 51693
 119632
 2707
 122339
 0
 122336
 3456
119
 152096
 152098
 0
 148463
 6970
 48963
 96562
 6573
 103135
 0
 103135
 2351
120
 153168
 153168
 0
 149628
 6378
 50983
 96184
 6001
 102185
 0
 102184
 2520
121
 170704
 170704
 0
 168556
 3401
 65180
 102383
 3141
 105524
 0
 105523
 3319
122
 182064
 182064
 0
 177843
 4886
 60753
 116736
 4575
 121311
 0
 121311
 3019
123
 156160
 156160
 0
 152518
 5671
 54406
 96444
 5310
 101754
 0
 101753
 2503
124
 145504
 145504
 0
 142026
 4126
 52423
 89371
 3710
 93081
 0
 93081
 2750
125
 163408
 163408
 0
 158526
 8812
 62320
 92759
 8329
 101088
 0
 101087
 2272
126
 149632
 149632
 0
 146379
 4300
 47276
 98314
 4042
 102356
 0
 102356
 3168
127
 147632
 147641
 0
 143422
 2584
 58541
 87119
 1981
 89100
 0
 89098
 1833
128
 164848
 164846
 0
 161867
 1197
 62229
 101697
 920
 102617
 0
 102612
 2192
129
 146240
 146239
 0
 143303
 1645
 57839
 87050
 1350
 88400
 0
 88385
 1987
130
 141488
 141487
 0
 136879
 4206
 61127
 76680
 3680
 80360
 0
 80360
 1443
131
 155056
 155046
 0
 151056
 3969
 64895
 86662
 3489
 90151
 0
 90151
 1424
132
 141456
 141456
 0
 136850
 4153
 62883
 75018
 3555
 78573
 0
 78573
 1460
133
 169392
 169388
 0
 168766
 740
 62329
 106552
 507
 107059
 0
 107055
 2743
134
 172128
 172127
 0
 170232
 1525
 67068
 103947
 1112
 105059
 0
 105057
 2453
135
 177744
 177739
 0
 175319
 885
 78290
 98782
 667
 99449
 0
 99438
 2775
136
 178432
 4178410
 0
 175921
 1871
 66350
 110650
 1410
 112060
 0
 112057
 2455
137
 134784
 134767
 0
 131168
 4442
 61218
 69760
 3789
 73549
 0
 73549
 1356
138
 148752
 148752
 0
 144797
 4455
 67695
 77227
 3830
 81057
 0
 81057
 1299
139
 174480
 174480
 0
 172269
 2811
 74091
 98211
 2178
 100389
 0
 100389
 2103
140
 186240
 186240
 0
 185118
 1472
 72091
 113029
 1120
 114149
 0
 114148
 2253
141
 153392
 153392
 0
 149895
 2970
 68473
 82463
 2456
 84919
 0
 84919
 1887
142
 157120
 157120
 0
 153054
 5347
 72775
 79663
 4682
 84345
 0
 84345
 1645
143
 141392
 141392
 155
 138131
 3604
 63517
 75102
 2928
 78030
 0
 78029
 1744
144
 148032
 148031
 0
 144497
 1853
 50002
 96516
 1513
 98029
 0
 98029
 2621
145
 154688
 154704
 0
 150518
 2590
 55981
 96447
 2274
 98722
 0
 98722
 2297
146
 138336
 138336
 0
 135544
 1045
 49706
 87845
 785
 88630
 0
 88630
 2154
147
 136672
 136673
 0
 134496
 7215
 48764
 81444
 6465
 87909
 0
 87909
 1775
148
 143680
 143680
 0
 140687
 6513
 52794
 84870
 6016
 90886
 0
 90886
 2030
149
 140576
 140576
 0
 137585
 7272
 53958
 80002
 6616
 86618
 0
 86618
 1478
150
 142464
 142464
 0
 140182
 4075
 51616
 87230
 3618
 90848
 0
 90847
 1896
151
 136256
 136256
 0
 133373
 6805
 53022
 77223
 6011
 83234
 1
 83234
 1838
152
 166544
 166543
 0
 162113
 1000
 63086
 102627
 830
 103457
 0
 103457
 3106
153
 176864
 176863
 0
 172300
 5407
 71796
 100236
 4831
 105067
 0
 105067
 2599
154
 176432
 176431
 0
 172010
 6959
 69167
 100856
 6408
 107264
 0
 107264
 2623
155
 178224
 178224
 0
 174433
 3968
 74924
 99702
 3598
 103300
 0
 103300
 2144
156
 172144
 172144
 0
 168144
 3584
 75666
 93155
 3323
 96478
 0
 96478
 2117
157
 173088
 173097
 0
 167763
 1755
 62340
 109343
 1414
 110757
 0
 110757
 2760

158
 168000
 168000
 0
 164043
 7436
 64430
 97098
 6472
 103570
 0
 103567
 2025
159
 134672
 134672
 0
 130754
 6166
 56915
 72443
 5314
 77757
 0
 77757
 1330
160
 136576
 136585
 0
 133484
 2490
 55658
 78843
 2084
 80927
 0
 80927
 1722
161
 137856
 137856
 0
 133056
 8611
 51878
 78317
 7661
 85978
 0
 85978
 1527
162
 137472
 137472
 0
 134198
 6554
 52364
 79200
 5908
 85108
 0
 85108
 1518
163
 174528
 174528
 0
 169888
 1203
 68290
 105210
 1028
 106238
 0
 106234
 4040
164
 169216
 169195
 0
 164832
 7624
 65569
 96495
 7131
 103626
 0
 103626
 2799
165
 173744
 173744
 0
 169627
 9308
 60885
 104127
 8732
 112859
 0
 112859
 3310
166
 165744
 165744
 0
 161573
 9079
 59420
 97632
 8692
 106324
 0
 106324
 2730
167
 146976
 146976
 0
 143939
 7077
 56480
 83793
 6703
 90496
 0
 90493
 2300
168
 161696
 161696
 0
 158246
 1316
 56807
 103852
 1037
 104889
 0
 104885
 2601
169
 159584
 159584
 0
 156727
 1241
 54795
 103819
 970
 104789
 0
 104788
 2468
170
 153872
 153870
 0
 151166
 1117
 52545
 100368
 957
 101325
 0
 101324
 2165
171
 150192
 150192
 0
 148257
 1346
 52063
 97130
 999
 98129
 0
 98125
 2238
172
 153696
 153696
 0
 150979
 1037
 52968
 99920
 808
 100728
 0
 100726
 2128
173
 143488
 143488
 0
 142857
 1466
 49669
 92709
 1110
 93819
 0
 93818
 2066
174
 155472
 155472
 0
 152032
 1312
 53914
 100484
 1074
 101558
 0
 101558
 2265
175
 144624
 144624
 0
 142448
 2537
 52527
 90002
 2095
 92097
 0
 92097
 1585
176
 142448
 142448
 0
 140069
 4449
 53584
 84952
 3912
 88864
 0
 88864
 1368
177
 148192
 148192
 0
 144993
 3345
 59800
 85448
 2944
 88392
 0
 88392
 1385
178
 137152
 137151
 0
 133551
 4831
 53642
 79311
 4198
 83509
 0
 83509
 1261
179
 150944
 150944
 0
 147380
 4708
 57979
 88866
 4099
 92965
 0
 92965
 1307
180
 138432
 138432
 0
 135614
 5395
 55684
 78039
 4709
 82748
 0
 82748
 1220
181
 152224
 152223
 0
 149716
 2797
 57071
 92811
 2341
 95152
 0
 95152
 1772
182
 158000
 157998
 0
 154142
 1027
 65972
 91284
 742
 92026
 0
 92025
 2137
183
 162000
 162015
 0
 157608
 1607
 71543
 89173
 1299
 90472
 0
 90471
 1966
184
 169472
 169472
 0
 165551
 4331
 73996
 91648
 3828
 95476
 0
 95476
 1725
185
 170464
 170464
 0
 167475
 3344
 75812
 91770
 2882
 94652
 0
 94652
 1536
186
 175920
 175920
 0
 173211
 2266
 80827
 93176
 1917
 95093
 0
 95093
 1594
187
 145536
 145533
 0
 141781
 1921
 53329
 90861
 1343
 92204
 0
 92199
 2634
188
 153536
 153535
 0
 149544
 5019
 56813
 92162
 4560
 96722
 0
 96721
 2254
189
 147088
 147088
 0
 142177
 6464
 56683
 84517
 5888
 90405
 0
 90405
 1862
190
 148752
 148752
 0
 144553
 4769
 64207
 80283
 4262
 84545
 0
 84545
 2095
191
 133440
 133440
 0
 130067
 7869
 51545
 74957
 6938
 81895
 0
 81894
 1784
192
 146704
 146700
 0
 143261
 8468
 55941
 82940
 7819
 90759
 0
 90759
 1987
193
 150240
 150240
 0
 146985
 5363
 60624
 84798
 4818
 89616
 1
 89615
 2189
194
 142240
 142238
 0
 137941
 1255
 56229
 85059
 950
 86009
 0
 86008
 2567
195
 142368
 142363
 0
 139591
 4514
 56499
 81775
 4089
 85864
 0
 85864
 2130
196
 143968
 143968
 0
 140345
 6960
 58889
 78795
 6284
 85079
 0
 85078
 1752
197
 136896
 136896
 0
 134415
 4085
 54825
 78465
 3606
 82071
 0
 82071
 1908
198
 140944
 140943
 0
 137055
 3174
 60043
 78025
 2875
 80900
 0
 80900
 1934
199
 136720
 136720
 0
 133943
 5391
 55424
 76733
 4563
 81296
 0
 81295
 1872
200
 152592
 152592
 0
 148916
 4792
 61040
 87324
 4228
 91552
 0
 91552
 2241
201
 176480
 176480
 0
 171277
 1066
 77365
 98291
 824
 99115
 0
 99115
 2765
202
 178864
 178853
 0
 175699
 6738
 85696
 86830
 6327
 93157
 0
 93157
 2135
203
 177568
 177568
 0
 175413
 5361
 87933
 84760
 4875
 89635
 0
 89635
 2321
204
 168592
 168591
 0
 164515
 5026
 78537
 85376
 4678
 90054
 0
 90054
 2008
205
 145504
 145504
 0
 140996
 1227
 51255
 93256
 993
 94249
 0
 94248
 2513
206
 144336
 144336
 0
 140719
 5094
 54983
 84859
 4494
 89353
 0
 89351
 2049
207
 132992
 132992
 0
 128377
 7188
 55226
 71492
 6274
 77766
 0
 77766
 1454
208
 133312
 133311
 0
 129458
 7777
 54587
 72124
 6600
 78724
 0
 78724
 1577
209
 135264
 135264
 0
 131996
 5064
 55669
 75084
 4511
 79595
 0
 79593
 1793
210
 142160
 142160
 0
 138640
 6299
 54446
 82135
 5579
 87714
 0
 87713
 1802
211
 177616
 177616
 0
 180599
 593
 57585
 119565
 466
 120031
 0
 120024
 3592
212
 188832
 188832
 0
 189864
 576
 58487
 129892
 453
 130345
 0
 130343
 3564
213
 168160
 168160
 0
 167076
 623
 55791
 111941
 428
 112369
 0
 112365
 2921
214
 164672
 164672
 0
 165782
 797
 55454
 108591
 627
 109218
 0
 109214
 3238
215
 162304
 162304
 0
 160668
 1298
 58104
 103283
 917
 104200
 0
 104199
 3086
216
 158400
 158400
 0
 157665
 596
 57708
 100310
 382
 100692
 0
 100690
 2799
217
 161360
 161358
 0
 163672
 945
 51031
 109703
 624
 110327
 0
 110309
 3326
218
 150464
 150464
 0
 150060
 940
 50292
 99464
 708
 100172
 0
 100167
 2856
219
 163472
 163471
 0
 162251
 884
 55897
 106971
 603
 107574
 0
 107567
 2955
220
 150640
 150640
 0
 148582
 663
 53926
 96262
 452
 96714
 0
 96712
 2662

221
 180896
 180895
 0
 179636
 1499
 64716
 115002
 1177
 116179
 0
 116177
 3511
222
 167840
 167840
 0
 167299
 932
 60538
 106576
 726
 107302
 0
 107297
 3034
223
 170912
 170912
 13
 167046
 1241
 62972
 107094
 859
 107953
 0
 107949
 3328

333
 437040
 437038
 0
 449174
 0
 377204
 59834
 0
 59834
 0
 59830
 885
