11
 62434
 55.63
 46549
 41.48
 108983
12
 64230
 56.84
 45637
 40.39
 109867
13
 58154
 62.98
 32252
 34.93
 90406
14
 63437
 63.28
 34657
 34.57
 98094
15
 60232
 66.91
 27987
 31.09
 88219
16
 55291
 71.25
 20741
 26.73
 76032
17
 66628
 68.51
 28571
 29.38
 95199
18
 54421
 62.40
 31075
 35.63
 85496
19
 59765
 68.47
 25165
 28.83
 84930
20
 62531
 60.91
 37812
 36.83
 100343
21
 65319
 67.40
 29018
 29.94
 94337
22
 60329
 58.90
 38852
 37.93
 99181
23
 62501
 62.38
 35419
 35.35
 97920
24
 87154
 85.41
 12597
 12.34
 99751
25
 80282
 84.02
 13025
 13.63
 93307
26
 74886
 82.52
 13865
 15.27
 88751
27
 71777
 79.71
 16020
 17.79
 87797
28
 79697
 85.37
 11656
 12.48
 91353
29
 81269
 86.08
 11181
 11.84
 92450
30
 89380
 89.31
 8599
 8.59
 97979
31
 101701
 89.57
 9910
 8.72
 111611
32
 103138
 89.87
 9784
 8.52
 112922
33
 84735
 89.18
 8539
 8.98
 93274
34
 81463
 88.72
 8666
 9.43
 90129
35
 83576
 86.44
 11112
 11.49
 94688
36
 91291
 88.98
 9580
 9.33
 100871
37
 82429
 90.79
 6924
 7.62
 89353
38
 82154
 88.70
 8826
 9.53
 90980
39
 83013
 88.67
 9134
 9.75
 92147
40
 76707
 88.56
 8398
 9.69
 85105
45
 15895
 74.75
 4612
 21.68
 20507
46
 74944
 86.34
 9533
 10.98
 84477
47
 65447
 86.98
 7956
 10.57
 73403
48
 73058
 83.78
 12001
 13.76
 85059
49
 69659
 88.88
 6958
 8.87
 76617
50
 81605
 90.28
 6798
 7.52
 88403
51
 333
 65.16
 169
 33.07
 502
52
 26635
 87.40
 2787
 9.14
 29422
57
 85911
 90.78
 6685
 7.06
 92596
58
 84109
 89.70
 7591
 8.09
 91700
59
 69711
 80.47
 14425
 16.65
 84136
60
 63167
 87.82
 7035
 9.78
 70202
62
 79159
 74.32
 24464
 22.96
 103623
63
 71566
 73.20
 24107
 24.65
 95673
64
 72735
 77.87
 18918
 20.25
 91653
65
 63482
 72.59
 22312
 25.51
 85794
66
 68576
 70.14
 27292
 27.91
 95868
67
 75170
 73.61
 24677
 24.16
 99847
68
 62530
 72.29
 21063
 24.35
 83593
69
 60631
 82.12
 11237
 15.22
 71868
70
 70360
 80.94
 14608
 16.80
 84968
71
 58436
 84.28
 9051
 13.05
 67487
72
 50334
 81.42
 10183
 16.47
 60517
73
 51469
 85.63
 7081
 11.78
 58550
74
 73701
 83.39
 12572
 14.22
 86273
75
 85537
 83.60
 14483
 14.15
 100020
76
 85957
 81.88
 16576
 15.79
 102533
77
 76404
 84.96
 11710
 13.02
 88114
78
 82979
 88.24
 9424
 10.02
 92403
79
 93474
 89.23
 9490
 9.05
 102964
80
 86666
 89.28
 8825
 9.09
 95491
81
 85103
 89.95
 8046
 8.50
 93149
82
 84977
 88.53
 9293
 9.68
 94270
83
 46984
 46.03
 51470
 50.42
 98454
84
 50073
 49.08
 49101
 48.12
 99174
85
 46290
 53.84
 37216
 43.28
 83506
86
 50509
 56.88
 35871
 40.39
 86380
87
 50319
 59.51
 31704
 37.50
 82023
88
 49131
 55.72
 36507
 41.40
 85638
89
 50527
 64.51
 25619
 32.70
 76146
90
 70809
 72.74
 23830
 24.48
 94639
91
 64357
 69.66
 25942
 28.08
 90299
92
 67966
 73.93
 21945
 23.87
 89911
93
 65722
 74.00
 21221
 23.89
 86943
94
 69298
 68.58
 29462
 29.15
 98760
95
 84616
 63.85
 44767
 33.78
 129383
96
 84220
 70.03
 33372
 27.75
 117592
97
 81286
 70.73
 31036
 27.00
 112322
98
 79971
 69.44
 32588
 28.29
 112559
99
 77676
 76.57
 21380
 21.07
 99056
100
 71000
 80.92
 15137
 17.25
 86137
101
 63440
 79.03
 15280
 19.03
 78720
102
 70433
 82.66
 13078
 15.34
 83511
103
 72963
 83.76
 12495
 14.34
 85458
105
 3990
 85.18
 579
 12.36
 4569
106
 54650
 87.58
 6347
 10.17
 60997
107
 47739
 89.10
 4508
 8.41
 52247
112
 31974
 90.17
 2658
 7.49
 34632
113
 80701
 90.77
 6730
 7.57
 87431
114
 48656
 89.62
 4430
 8.16
 53086
115
 32186
 27.86
 80357
 69.55
 112543
116
 31508
 26.78
 82732
 70.32
 114240
117
 36409
 32.10
 73552
 64.86
 109961
118
 28336
 23.16
 90544
 74.01
 118880
119
 39368
 38.17
 61416
 59.54
 100784
120
 35862
 35.09
 63802
 62.43
 99664
121
 40203
 38.09
 62001
 58.75
 102204
122
 44290
 36.50
 74002
 61.00
 118292
123
 36079
 35.45
 63171
 62.08
 99250
124
 41584
 44.67
 48747
 52.37
 90331
125
 44871
 44.38
 53944
 53.36
 98815
126
 37490
 36.62
 61698
 60.27
 99188
127
 76039
 85.34
 11226
 12.59
 87265
128
 89328
 87.05
 11092
 10.80
 100420
129
 74945
 84.79
 11452
 12.95
 86397
130
 69740
 86.78
 9177
 11.41
 78917
131
 77588
 86.06
 11139
 12.35
 88727
132
 64916
 82.61
 12197
 15.52
 77113
133
 91263
 85.24
 13049
 12.18
 104312
134
 90523
 86.16
 12081
 11.49
 102604
135
 81419
 81.87
 15244
 15.33
 96663
136
 98445
 87.85
 11157
 9.95
 109602
137
 61703
 83.89
 10490
 14.26
 72193
138
 70749
 87.28
 9009
 11.11
 79758
139
 88770
 88.42
 9516
 9.47
 98286
140
 101394
 88.82
 10501
 9.19
 111895
141
 76261
 89.80
 6771
 7.97
 83032
142
 75607
 89.64
 7093
 8.40
 82700
143
 70899
 90.86
 5386
 6.90
 76285
144
 79120
 80.71
 16288
 16.61
 95408
145
 80675
 81.71
 15749
 15.95
 96424
146
 70599
 79.65
 15877
 17.91
 86476
147
 74457
 84.69
 11677
 13.28
 86134
148
 73880
 81.28
 14975
 16.47
 88855
149
 73616
 84.98
 11524
 13.30
 85140
150
 75363
 82.95
 13588
 14.95
 88951
151
 67830
 81.49
 13565
 16.29
 81395
152
 60361
 58.34
 39990
 38.65
 100351
153
 61532
 58.56
 40935
 38.96
 102467
154
 62206
 57.99
 42435
 39.56
 104641
155
 63788
 61.75
 37368
 36.17
 101156
156
 61788
 64.04
 32573
 33.76
 94361
157
 86000
 77.64
 21996
 19.85
 107996
158
 83853
 80.96
 17688
 17.07
 101541
159
 67234
 86.46
 9193
 11.82
 76427
160
 68805
 85.02
 10400
 12.85
 79205
161
 69345
 80.65
 15106
 17.56
 84451
162
 71575
 84.09
 12014
 14.11
 83589
163
 49781
 46.85
 52413
 49.33
 102194
164
 58085
 56.05
 42742
 41.24
 100827
165
 51199
 45.36
 58350
 51.70
 109549
166
 54414
 51.17
 49180
 46.25
 103594
167
 48545
 53.64
 39648
 43.81
 88193
168
 84059
 80.14
 18225
 17.37
 102284
169
 86218
 82.27
 16102
 15.36
 102320
170
 86390
 85.26
 12769
 12.60
 99159
171
 83784
 85.38
 12103
 12.33
 95887
172
 87896
 87.26
 10702
 10.62
 98598
173
 80092
 85.36
 11660
 12.42
 91752
174
 86608
 85.27
 12685
 12.49
 99293
175
 81386
 88.36
 9126
 9.90
 90512
176
 80669
 90.77
 6827
 7.68
 87496
177
 79353
 89.77
 7654
 8.65
 87007
178
 75813
 90.78
 6435
 7.70
 82248
179
 84237
 90.61
 7421
 7.98
 91658
180
 73200
 88.46
 8328
 10.06
 81528
181
 84912
 89.23
 8468
 8.89
 93380
182
 74350
 80.79
 15538
 16.88
 89888
183
 73191
 80.89
 15314
 16.92
 88505
184
 79580
 83.35
 14170
 14.84
 93750
185
 80826
 85.39
 12290
 12.98
 93116
186
 80380
 84.52
 13119
 13.79
 93499
187
 65112
 70.62
 24453
 26.52
 89565
188
 69603
 71.96
 24864
 25.70
 94467
189
 63109
 69.80
 25434
 28.13
 88543
190
 58781
 69.52
 23669
 27.99
 82450
191
 56991
 69.59
 23119
 28.23
 80110
192
 65765
 72.46
 23007
 25.34
 88772
193
 63947
 71.35
 23479
 26.19
 87426
194
 63216
 73.50
 20225
 23.51
 83441
195
 66597
 77.56
 17137
 19.95
 83734
196
 67714
 79.59
 15612
 18.35
 83326
197
 64420
 78.49
 15743
 19.18
 80163
198
 64376
 79.57
 14590
 18.03
 78966
199
 63291
 77.85
 16132
 19.84
 79423
200
 69407
 75.81
 19904
 21.74
 89311
201
 68289
 68.89
 28061
 28.31
 96350
202
 70188
 75.34
 20834
 22.36
 91022
203
 73929
 82.47
 13385
 14.93
 87314
204
 69817
 77.52
 18229
 20.24
 88046
205
 72245
 76.65
 19490
 20.67
 91735
206
 68950
 77.16
 18352
 20.53
 87302
207
 63363
 81.47
 12949
 16.65
 76312
208
 60805
 77.23
 16342
 20.75
 77147
209
 61411
 77.15
 16389
 20.59
 77800
210
 67982
 77.50
 17929
 20.44
 85911
211
 68636
 57.18
 47796
 39.82
 116432
212
 77778
 59.67
 49001
 37.59
 126779
213
 70884
 63.08
 38560
 34.31
 109444
214
 65377
 59.86
 40599
 37.17
 105976
215
 66596
 63.91
 34517
 33.12
 101113
216
 65733
 65.28
 32158
 31.93
 97891
217
 65144
 59.05
 41839
 37.92
 106983
218
 59720
 59.62
 37591
 37.52
 97311
219
 65516
 60.90
 39096
 36.34
 104612
220
 58062
 60.03
 35988
 37.21
 94050
221
 66096
 56.89
 46570
 40.08
 112666
222
 65140
 60.70
 39123
 36.46
 104263
223
 61628
 57.08
 42993
 39.82
 104621
333
 26196
 43.78
 32749
 54.73
 58945
