11
 174756
 174756
 0
 169689
 1771
 58221
 115048
 1487
 116535
 0
 116533
 1295
12
 180483
 180486
 0
 177815
 2754
 63203
 114913
 2370
 117283
 0
 117283
 1561
13
 147567
 147568
 0
 145583
 5442
 51239
 91367
 4962
 96329
 0
 96329
 1213
14
 161145
 161145
 0
 159494
 5450
 57624
 98472
 5049
 103521
 0
 103521
 1263
15
 150396
 150395
 0
 148528
 5084
 56338
 89468
 4589
 94057
 0
 94057
 1056
16
 136302
 136298
 0
 134169
 5482
 55978
 75857
 4463
 80320
 0
 80320
 883
17
 161205
 161205
 0
 156932
 4589
 60258
 96681
 4266
 100947
 0
 100916
 1132
18
 137085
 137061
 0
 135100
 6768
 46250
 84560
 6251
 90811
 0
 90811
 918
19
 141198
 141114
 0
 139167
 4242
 48505
 88837
 3772
 92609
 0
 92605
 1009
20
 159522
 159524
 0
 157023
 6803
 49449
 103836
 6239
 110075
 0
 110071
 992
21
 154332
 154330
 0
 152029
 4711
 52477
 97645
 4208
 101853
 0
 101853
 1113
22
 157434
 157436
 0
 153754
 1363
 48450
 107821
 1165
 108986
 0
 108978
 1144
23
 160314
 160314
 0
 158203
 5273
 53658
 101744
 4912
 106656
 0
 106656
 1212
24
 152727
 152727
 0
 150449
 1574
 49864
 101570
 1293
 102863
 0
 102862
 1313
25
 143097
 143122
 0
 140980
 1093
 47210
 95064
 848
 95912
 0
 95909
 1184
26
 136515
 136515
 0
 135965
 1319
 45091
 90488
 936
 91424
 0
 91415
 1059
27
 136434
 136435
 0
 134217
 1102
 44725
 90877
 832
 91709
 0
 91693
 936
28
 142722
 142722
 0
 140967
 957
 49230
 92741
 751
 93492
 0
 93487
 1140
29
 144597
 144597
 0
 142178
 2377
 50908
 91759
 1930
 93689
 0
 93689
 1191
30
 157461
 157461
 0
 154851
 1054
 57284
 99318
 859
 100177
 0
 100175
 1198
31
 166431
 166439
 0
 162995
 2262
 51913
 112787
 1739
 114526
 0
 114523 
 1181
32
 167085
 167091
 0
 163967
 3417
 51895
 112615
 2581
 115196
 0
 115196
 1056
33
 141123
 141120
 0
 138535
 2185
 45993
 93403
 1724
 95127
 8
 95114
  995
34
 148503
 148503
 0
 146358
 4773
 57046
 87348
 4109
 91457
 0
 91455
 1115
35
 160539
 160539
 0
 157731
 1783
 63728
 95334
 1477
 96811
 0
 96808
 1124
36
 151584
 151592
 0
 149407
 2179
 48246
 101510
 1836
 103346
 0
 103340
 1034
37
 145932
 145932
 0
 142927
 4522
 55637
 86324
 3971
 90295
 0
 90295
 988
38
 147327
 147326
 0
 144806
 3389
 54652
 89599
 3075
 92674
 0
 92669
 1084
39
 146661
 146662
 0
 144287
 4849
 53847
 88441
 4374
 92815
 0
 92815
 982
40
 142014
 142013
 0
 139636
 3885
 56060
 82812
 3141
 85953
 0
 85953
 931
45
 46404
 46404
 0
 45731
 1086
 21314
 24168
 922
 25090
 0
 25090
 419
46
 151638
 151511
 0
 149796
 3686
 60339
 88089
 3083
 91172
 0
 91152
 1355
47
 134406
 134406
 0
 133043
 3492
 58311
 73184
 2911
 76095
 0
 76094
 948
48
 148494
 148496
 0
 146333
 1187
 57574
 90022
 900
 90922
 0
 90912
 1096
49
 145368
 145363
 0
 143472
 3571
 60084
 82113
 3166
 85279
 0
 85181
 1342
50
 155013
 155014
 0
 152352
 2369
 63619
 89446
 1948
 91394
 0
 91393
 1175
51
 2718
 2715
 0
 2690
 86
 1820
 833
 62
 895
 0
 895
 15 
52
 64422
 64422
 0
 63133
 1236
 26006
 37369
 1047
 38416
 0
 38391
 857
57
 164508
 164507
 0
 161033
 1562
 70209
 92973
 1325
 94298
 0
 94275
 1272
58
 158325
 158325
 0
 155112
 898
 65110
 92511
 703
 93214
 0
 93206
 1166
59
 155301
 155301
 0
 153508
 4544
 67553
 84595
 3153
 87748
 0
 87728
 1517
60
 122799
 122772
 0
 121008
 4675
 48510
 70228
 4034
 74262
 0
 74225
 893
62
 168246
 168249
 0
 164264
 1144
 57907
 109458
 882
 110342
 0
 110338
 1551
63
 160686
 160686
 0
 158158
 5946
 57226
 98096
 5364
 103460
 0
 103459
 1330
64
 159876
 159876
 0
 156793
 3319
 60723
 96159
 2994
 99153
 0
 99152
 1198
65
 150666
 150664
 0
 147811
 5279
 56893
 88976
 4795
 93771
 0
 93771
 1025
66
 165441
 165314
 0
 163133
 5641
 60680
 99566
 5068
 104634
 0
 104634
 1143
67
 168279
 168251
 0
 164422
 5699
 60770
 102441
 5040
 107481
 0
 107481
 1226
68
 156870
 156871
 0
 154289
 1511
 67425
 88214
 1232
 89446
 0
 89446
 2018
69
 157242
 157187
 0
 155900
 1989
 82710
 72770
 1707
 74477
 0
 74476
 1782
70
 162990
 162989
 0
 162071
 3340
 73527
 86400
 3062
 89462
 0
 89462
 1677
71
 153759
 153762
 0
 152561
 1888
 85280
 66934
 1548
 68482
 0
 68482
 1291
72
 173853
 173853
 0
 172493
 1660
 110986
 61522
 1345
 62867
 0
 62867
 1158
73
 147429
 147378
 0
 145681
 1525
 88781
 57276
 1321
 58597
 0
 58596
 1738
74
 138093
 138090
 0
 134651
 1195
 49649
 87507
 932
 88439
 0
 88436
 1212
75
 156414
 156414
 0
 153255
 1416
 53079
 102297
 1038
 103335
 0
 103335
 1308
76
 158790
 158789
 0
 155278
 1515
 52531
 105097
 1161
 106258
 0
 106242
 1276
77
 137019
 137019
 0
 135149
 747
 46994
 89438
 587
 90025
 0
 90022
 1044
78
 151584
 151559
 0
 149578
 4558
 57757
 89894
 3908
 93802
 0
 93800
 899
79
 168402
 168380
 0
 165533
 3812
 64096
 101083
 3199
 104282
 0
 104278
 1238
80
 157674
 157674
 0
 154944
 1549
 61124
 95228
 1322
 96550
 0
 96550
 890
81
 157746
 157746 
 0
 155404
 3989
 63036
 91237
 3473
 94710
 0
 94709
 985
82
 153384
 153344
 0
 150592
 5355
 58189
 90599
 4556
 95155
 0
 95154
 1181
83
 170442
 170439
 0
 165304
 1510
 64451
 104803
 1185
 105988
 0
 105978
 1148
84
 163830
 163827
 0
 161939
 5529
 58497
 100067
 5263
 105330
 0
 105330
 1319
85
 139062
 139062
 0
 136598
 4564
 50464
 84242
 4356
 88598
 0
 88598
 1070
86
 146355
 146353
 0
 143993
 4504
 58171
 83937
 4245
 88182
 0
 88182
 1047
87
 148638
 148638
 0
 147238
 3700
 60935
 84296
 3407
 87703
 0
 87701
 1139
88
 156738
 156738
 0
 153883
 5899
 64647
 86664
 5426
 92090
 0
 92089
 1149
89
 141594
 141596
 0
 139934
 5408
 58613
 77875
 5108
 82983
 0
 82983
 1059
90
 151185
 151185
 0
 148092
 1090
 50343
 99985
 857
 100842
 0
 100841
 1056
91
 149082
 149081
 0
 148398
 4131
 52980
 92981
 3119
 96101
 0
 96098
 1102
92
 149889
 149893
 0
 148193
 6914
 53794
 89721
 6378
 96099
 0
 96099
 1130
93
 139689
 139688
 0
 138463
 5052
 48764
 86465
 4459
 90924
 0
 90923
 1045
94
 152226
 152226
 0
 151164
 2881
 48476
 101134
 2616
 103750
 0
 103748
 1203
95
 200040
 200036
 0
 202354
 562
 64966
 134581
 489
 135070
 0
 135060
 1466
96
 185400
 185398
 0
 185065
 3449
 61325
 121077
 2996
 124073
 0
 124068
 1404
97
 178947
 178947
 0
 178902
 2709
 60402
 116241
 2304
 118545
 0
 118542
 1298
98
 177255
 177250
 0
 176677
 5901
 59350
 112754
 5146
 117900
 0
 117900
 1335
99
 167265
 167264
 0
 162441
 1369
 64256
 101909
 1098
 103007
 0
 103001
 1287
100
 148593
 148593
 0
 146497
 5266
 58023
 85945
 4625
 90570
 0
 90570
 915
101
 140751
 140748
 0
 139333
 4784
 56956
 79591
 4201
 83792
 0
 83790
 890
102
 142488
 142488
 0
 140215
 4988
 54842
 83329
 4317
 87646
 0
 87646
 965
103
 144468
 144468
 0
 142229
 3883
 55931
 85086
 3451
 88537
 0
 88537
 925
105
 9846
 9846
 0
 9585
 114
 5024
 4724
 98
 4822
 0
 4822
 64
106
 102873
 102871
 0
 102335
 2363
 39977
 61211
 1683
 62894
 0
 62891
 803
107
 105162
 105156
 0
 102692
 1236
 51242
 53085
 829
 53914
 0
 53892
 832
112
 66126
 66126
 0
 65253
 879
 30131
 35328
 667
 35995
 0
 35992
 408
113
 147837
 147837
 0
 146273
 6794
 58555
 83339
 5943
 89282
 0
 89282
 942
114
 107487
 107487
 0
 106204
 3705
 51566
 52814
 3107
 55921
 0
 55918
 689
115
 170520
 170502
 0
 166395
 1609
 52302
 116909
 1291
 118200
 0
 118190
 1143
116
 172206
 172202
 0
 171419
 1303
 51505
 119708
 989
 120697
 0
 120687
 1143
117
 171123
 171111
 0
 167971
 1717
 55323
 114464
 1324
 115788
 0
 115780
 1330
118
 172494
 172494
 0
 170964
 2751
 50228
 119796
 2470
 122266
 0
 122266
 1182
119
 150144
 150144
 0
 148227
 6894
 45221
 98454
 6469
 104923
 0
 104923
 1010
120
 151398
 151389
 0
 149624
 6066
 47593
 98156
 5640
 103796
 0
 103796
 1188
121
 169866
 169866
 0
 168308
 3237
 60201
 106712
 2953
 109665
 0
 109665
 1149
122
 180537
 180537
 0
 178568
 4631
 56030
 120228
 4279
 124507
 0
 124507
 1413
123
 154497
 154495
 0
 152110
 5409
 50479
 98973
 5043
 104016
 0
 104016
 1171
124
 144630
 144629
 0
 142189
 4011
 47692
 93374
 3563
 96937
 0
 96918
 969
125
 161844
 161844
 0
 158613
 8562
 58887
 94935
 8022
 102957
 0
 102957
 1082
126
 147897
 147896
 0
 146118
 4300
 46669
 97211
 4016
 101227
 0
 101227
 1073
127
 146199
 146190
 0
 143227
 2427
 58060
 86338
 1791
 88129
 6
 88126
 1021
128
 164259
 164258
 0
 161572
 1221
 62926
 100388
 944
 101332
 0
 101321
 1184
129
 145323
 145325
 0
 143184
 1788
 58456
 85560
 1309
 86869
 0
 86862
 1116
130
 138993
 138993
 0
 136573
 3765
 59079
 76658
 3256
 79914
 0
 79913
 963
131
 152967
 152964
 0
 151050
 3783
 62652
 87055
 3258
 90313
 0
 90313
 929
132
 139476
 139476
 0
 136756
 3827
 60327
 75958
 3191
 79149
 0
 79149
 853
133
 168522
 168510
 0
 167752
 736
 62724
 105283
 503
 105786
 0
 105782
 1381
134
 169749
 169747
 0
 168777
 1486
 67752
 100955
 1038
 101993
 0
 101986
 1608
135
 176940
 176930
 0
 174442
 917
 78885
 97356
 689
 98045
 0
 98042
 1339
136
 178071
 178080
 0
 174397
 1879
 69154
 107488
 1438
 108926
 0
 108927
 1529
137
 133233
 133231
 0
 131113
 4117
 57932
 71802
 3497
 75299
 0
 75299
 987
138
 146907
 146906
 0
 144628
 4221
 64865
 78487
 3554
 82041
 0
 82041
 1026
139
 172899
 172899
 0
 171639
 2582
 73572
 97354
 1973
 99327
 0
 99323
 1647
140
 184749
 184752
 0
 183665
 1320
 73506
 110248
 998
 111246
 0
 1111243
 1596
141
 152544
 152544
 0
 149813
 2787
 69300
 81014
 2230
 83244
 0
 83244
 1235
142
 155634
 155633
 0
 153568
 4812
 72153
 79373
 4107
 83480
 0 
 83479
 1292
143
 142953
 142952
 215
 138060
 3386
 65665
 74864
 2638
 77502
 0
 77502
 1221
144
 146982
 146979
 0
 143280
 1812
 47764
 97774
 1441
 99215
 1
 99215
 1116
145
 152967
 152967
 0
 149779
 2603
 52908
 97778
 2281
 100059
 0
 1100059
 1162
146
 136551
 136551
 0
 135490
 1094
 46682
 88994
 875
 89869
 0
 89868
 1107
147
 135240
 135245
 0
 134257
 6918
 46436
 82671
 6138
 88809
 0
 88808
 882
148
 142047
 142036
 0
 140760
 6318
 48695
 87551
 5790
 93341
 0
 93339
 1028
149
 139002
 139002
 0
 137539
 6859
 51572
 81257
 6173
 87430
 1
 87426
 818
150
 141402
 141401
 0
 139952
 4026
 49315
 88553
 3533
 92086
 0
 192086
 1072
151
 134667
 134667
 0
 133292
 6612
 49560
 79251
 5856
 85107
 0
 85107
 794
152
 166185
 166181
 0
 162066
 991
 56734
 108624
 823
 109447
 0
 1109447
 1182
153
 174732
 174732
 0
 172193
 6345
 62054
 107838
 4840
 112678
 0
 112678
 1464
154
 174375
 174370
 0
 171999
 6811
 60366
 107742
 6262
 114004
 0
 1114004
 1271
155
 176769
 176769
 0
 174561
 3871
 64735
 108545
 3489
 112034
 0
 112034
 1385
156
 170901
 170891
 0
 168121
 3580
 67011
 100569
 3311
 103880
 0
 103878
 1369
157
 172122
 172120
 0
 167827
 1673
 58552
 112249
 1319
 113568
 0
 113568
 1386
158
 166584
 166583
 0
 163583
 7110
 60621
 99862
 6100
 105962
 0
 105962 
 1117
159
 133254
 133252
 0
 130543
 6152
 53069
 74895
 5288
 80183
 0
 80182
 847
160
 135660
 135668
 0
 132489
 2507
 53518
 80106
 2045
 82150
 0
 82151
 897
161
 136320
 136319
 0
 133233
 8449
 47207
 81624
 7488
 89112
 0
 89111
 865
162
 136449
 136445
 0
 134126
 6240
 50171
 80735
 5539
 86274
 0
 86273
 870
163
 173301
 173304
 0
 169809
 1173
 61356
 110966
 982
 111948
 0
 111936
 1214
164
 166575
 166575
 0
 164769
 7517
 57814
 101723
 7038
 108761
 0
 108759
 1298
165
 171417
 171417
 0
 169400
 9189
 55217
 107793
 8407
 116200
 0
 116196
 1331
166
 162732
 162726
 0
 161508
 8805
 55151
 99191
 8384
 107575
 0
 107574
 1313
167
 145263
 145263
 0
 143666
 6711
 53047
 85890
 6326
 92216
 0
 92215
 961
168
 160533
 160531
 0
 157787
 1301
 54664
 104775
 1005
 105866
 0
 105851
 1152
169
 159522
 159521
 0
 156508
 1233
 53977
 104597
 947
 105544
 0
 105539
 1114 
170
 153234
 153243
 0
 151134
 1096
 51558
 100755
 928
 101685
 0
 101677
 1147
171
 149511
 149510
 0
 148050
 1371
 51327
 97193
 990
 98183
 0
 98175
 1187
172
 152409
 152408
 0
 150730
 1073
 52243
 99357
 808
 100165
 0
 100156
 1185
173
 143094
 143092
 0
 142138
 1370
 49690
 92384
 1015
 93399
 0
 93397
 1084
174
 154071
 154071
 0
 151752
 1315
 52321
 100711
 1039
 101750
 0
 101741
 1271
175
 143508
 143508
 0
 142072
 2509
 52333
 89132
 2043
 91175
 0
 91173
 981
176
 141444
 141444
 0
 139903
 4297
 53679
 84084
 3681
 87765
 0
 87765
 947
177
 147249
 147246
 0
 144955
 3304
 59567
 84794
 2885
 87679
 0
 87677
 928
178
 135696
 135696
 0
 133612
 4537
 52898
 78909
 3887
 82798
 0
 82798
 853
179
 149415
 149418
 0
 147244
 4492
 57204
 88305
 3909
 92214
 0
 92214
 883
180
 137121
 137121
 0
 135664
 5077
 54604
 78151
 4366
 82517
 0
 82517
 809
181
 151311
 151314
 0
 149628
 2854
 57145
 91871
 2296
 94169
 0
 94167
 1104
182
 156123
 156124
 0
 153170
 1076
 64808
 90524
 792
 91316
 0
 91312
 1138
183
 159903
 159907
 0
 157017
 1606
 69591
 89032
 1284
 90316
 0
 90311
 1186
184
 167634
 167532
 0
 165198
 4183
 71236
 92630
 3666
 96296
 0
 96294
 1042
185
 170226
 170225
 0
 166794
 3344
 74032
 93423
 2768
 96191
 0
 96188
 1076
186
 174432
 174226
 0
 173028
 2152
 78928
 93501
 1797
 95298
 0
 95286
 1085
187
 145230
 145230
 0
 141490
 1909
 49479
 94405
 1346
 95751
 0
 95737
 1010
188
 150369
 150369
 0
 149158
 4774
 50364
 95711
 4294
 100005
 0
 100004
 1166
189
 143838
 143837
 0
 142000
 6053
 49499
 88898
 5440
 94338
 0
 94336
 1150
190
 146886
 146886
 0
 144587
 4384
 57220
 85744
 3922
 89666
 0
 89666
 1324
191
 131202
 131201
 0
 129849
 7581
 45186
 79409
 6606
 86015
 0
 86015
 1023
192
 144630
 144609
 0
 143004
 7682
 51921
 85658
 7030
 92688
 0
 92688
 1303
193
 148974
 148963
 0
 146854
 5031
 56804
 87687
 4472
 92159
 0
 92156
 1084
194
 141585
 141583
 0
 137917
 1371
 52586
 87995
 1001
 88996
 0
 88996
 1134
195
 141459
 141455
 0
 139660
 4555
 52015
 85345
 4095
 89440
 0
 89439
 1057
196
 142086
 142062
 0
 140245
 6661
 53957
 82128
 5977
 88105
 0
 88099
 883
197
 135519
 135519
 0
 134307
 4062
 50417
 81595
 3507
 85102
 0
 85099
 997
198
 140010
 140010
 0
 137404
 3306
 55466
 81564
 2980
 84544
 0
 84541
 947
199
 135555
 135557
 0
 133922
 4906
 51003
 80112
 4442
 84554
 28
 84526
 880
200
 151092
 151088
 0
 148914
 4584
 56458
 90610
 4020
 94630
 0
 94627
 1130
201
 175935
 175937
 0
 171281
 1327
 72863
 102156
 917
 103073
 0
 103070
 1464
202
 177420
 177449
 0
 175558
 6479
 79630
 91712
 6107
 97819
 0
 97815
 1485
203
 176415
 176427
 0
 175176
 5015
 85088
 86802
 4537
 91339
 0
 91339
 1749
204
 166524
 166524
 0
 164613
 4827
 73215
 88768
 4541
 93309
 0
 93309
 1290
205
 144945
 144945
 0
 140667
 1336
 47317
 96536
 1092
 97628
 0
 97625
 976
206
 142599
 142598
 0
 140412
 4831
 49436
 88937
 4225
 93162
 0
 93160
 1008
207
 131229
 131230
 0
 128577
 6879
 49756
 75434
 6040
 81474
 0
 81474
 778
208
 131862
 131861
 0
 129490
 7458
 48502
 77032
 6327
 83359
 0
 83359
 884
209
 134163
 134163
 0
 131973
 5058
 50549
 79121
 4493
 83614
 0
 83614
 928
210
 140931
 140931
 0
 138852
 6218
 50123
 85403
 5405
 90808
 0
 90807
 958
211
 177303
 177306
 0
 177468
 637
 56724
 120090
 492
 120582
 0
 120564
 1332
212
 189204
 189234
 0
 189403
 662
 54939
 133766
 529
 134295
 0
 134274
 1278
213
 167652
 167652
 0
 166992
 609
 50816
 116425
 411
 116836
 0
 116826
 1188
214
 164970
 164974
 0
 164476
 792
 53551
 110798
 625
 111423
 0
 111406
 1161
215
 162216
 162216
 0
 160510
 1336
 53993
 107325
 898
 108223
 0
 108216
 1235
216
 158070
 158069
 0
 157124
 577
 53621
 104033
 414
 104447
 0
 104439
 1245
217
 161367
 161368
 0
 162194
 977
 48634
 112070
 664
 112734
 0
 112710
 1169
218
 150423
 150423
 0
 149201
 951
 47795
 101914
 714
 102628
 0
 102601
 1105
219
 163413
 163413
 0
 161804
 904
 51997
 110761
 655
 111416
 0
 111413
 1167
220
 150153
 150153
 0
 148083
 709
 50781
 98864
 500
 99364
 0
 99348
 1100
221
 180882
 180882
 0
 177509
 1509
 62520
 117202
 1160
 118362
 0
 118321
 1237
222
 166902
 166898
 0
 165957
 1050
 56649
 109428
 821
 110249
 0
 110229
 1237
223
 171342
 171343
 37
 168110
 1484
 59027
 111229
 1124
 112353
 0
 112343
 1283
333
 424341
 424343
 0
 435046
 0
 369304
 55037
 0
 55037
 0
 55031
 337

