11
 284
 236
 265
 97
 6070
 78
 21
 2393
 20
 8952
 38
 151
 29
 26398
 64
 60
 39
 19
 1607
 38
 23
12
 198
 207
 255
 108
 5450
 67
 41
 2545
 29
 8240
 26
 153
 46
 28535
 68
 73
 37
 15
 1692
 28
 35
13
 108
 103
 144
 66
 3591
 88
 26
 1535
 40
 5362
 27
 46
 46
 22164
 46
 173
 16
 18
 1012
 18
 33
14
 120
 120
 207
 83
 5102
 104
 20
 2345
 39
 5971
 39
 113
 51
 24356
 54
 157
 22
 16
 1128
 28
 31
15
 65
 66
 150
 75
 4960
 83
 23
 2642
 34
 5291
 46
 47
 51
 21896
 55
 228
 30
 16
 1351
 30
 31
16
 98
 79
 150
 60
 5330
 61
 35
 2552
 29
 4416
 26
 34
 34
 20876
 49
 261
 33
 12
 617
 21
 21
17
 85
 109
 176
 93
 4684
 77
 29
 2013
 34
 6330
 16
 58
 46
 24352
 43
 157
 29
 13
 835
 53
 30
18
 94
 103
 121
 76
 3530
 58
 35
 2133
 41
 5269
 30
 50
 38
 18766
 55
 238
 30
 15
 791
 27
 26
19
 102
 229
 195
 77
 2868
 40
 26
 667
 26
 9318
 33
 43
 38
 22823
 36
 97
 33
 27
 2903
 55
 30
20
 121
 279
 244
 90
 3001
 67
 32
 771
 42
 8528
 34
 82
 34
 21132
 40
 90
 29
 41
 3433
 89
 36
21
 134
 146
 196
 108
 5340
 63
 42
 1676
 30
 8480
 34
 42
 34
 23954
 66
 87
 44
 19
 2219
 30
 39
22
 289
 269
 354
 91
 3872
 50
 22
 1401
 25
 13579
 38
 135
 19
 24613
 49
 66
 42
 28
 4166
 55
 20
23
 116
 250
 212
 107
 3839
 73
 44
 1215
 41
 7010
 34
 62
 49
 20014
 47
 103
 36
 20
 2130
 72
 61
24
 324
 148
 141
 100
 13391
 102
 43
 10104
 16
 3778
 21
 45
 46
 47309
 72
 40
 39
 23
 466
 36
 24
25
 281
 147
 149
 90
 12264
 79
 31
 8147
 20
 3812
 15
 45
 42
 43307
 67
 34
 21
 8
 481
 35
 23
26
 262
 135
 133
 97
 12051
 85
 17
 8114
 13
 4011
 9
 55
 40
 38806
 47
 41
 23
 4
 496
 31
 10
27
 293
 180
 152
 79
 11407
 83
 17
 7408
 12
 4230
 11
 40
 23
 38175
 51
 25
 23
 13
 554
 54
 32
28
 223
 126
 102
 82
 11992
 92
 23
 8508
 21
 3388
 13
 46
 44
 43108
 59
 28
 33
 10
 516
 40
 17
29
 225
 93
 111
 85
 11704
 94
 28
 7373
 18
 3171
 15
 46
 49
 43539
 63
 39
 27 5
 498
 73
 61
30
 153
 86
 108
 110
 14181
 76
 17
 9292
 22
 3213
 13
 16
 55
 46352
 77
 43
 28
 5
 746
 85
 131
31
 155
 71
 79
 92
 7947
 59
 68
 21544
 29
 3219
 16
 18
 44
 56442
 62
 27
 27
 12
 620
 12
 20
32
 174
 80
 87
 84
 8657
 58
 63
 19778
 22
 3250
 14
 21
 62
 59460
 67
 28
 25
 2
 611
 16
 20
33
 143
 75
 76
 72
 8165
 49
 58
 16616
 18
 2938
 14
 14
 46
 46398
 54
 25
 20
 3
 488
 17
 15
34
 87
 88
 100
 80
 12626
 106
 36
 8026
 20
 2777
 21
 31
 57
 39329
 52
 78
 38
 5
 488
 21
 29
35
 125
 77
 105
 91
 12371
 76
 39
 7101
 14
 3309
 12
 28
 63
 41497
 51
 35
 29
 10
 456
 21
 25
36
 119
 67
 86
 106
 16465
 94
 41
 14880
 15
 2717
 17
 23
 54
 41662
 54
 46
 22
 10
 290
 23
 11
37
 89
 67
 85
 76
 9297
 63
 40
 12221
 27
 2269
 16
 20
 73
 42368
 46
 51
 26 8
 399
 12
 17
38
 143
 77
 94
 94
 14076
 96
 39
 7269
 23
 2694
 20
 34
 70
 42520
 63
 64
 20
 13
 460
 28
 16
39
 67
 58
 105
 95
 15169
 94
 36
 6767
 19
 2700
 6
 30
 55
 38541
 54
 73
 25 9
 277
 16
 12
40
 94
 60
 114
 87
 11986
 79
 25
 6958
 32
 2888
 10
 23
 56
 38137
 66
 70
 23
 11
 368
 23
 48
45
 22
 16
 21
 38
 8790
 48
 12
 2221
 7
 259 5
 10
 16
 4378
 14 5
 20 6
 167 3 9
46
 93
 96
 93
 141
 35611
 160
 44
 7865
 30
 1022
 11
 33
 60
 23218
 64
 54
 42 9
 314
 19
 13
47
 83
 54
 83
 156
 34260
 159
 25
 5491
 16
 1094
 15
 66
 38
 19148
 50
 36
 28 6
 240
 14
 11
48
 114
 95
 102
 153
 33849
 108
 37
 7896
 9
 1676
 9
 50
 33
 24701
 50
 25
 28
 11
 389
 16
 20
49
 77
 79
 58
 118
 34642
 146
 39
 10407
 21
 1008
 13
 52
 34
 18236
 50
 41
 21 6
 235
 14
 10
50
 72
 75
 117
 162
 34404
 165
 33
 11969
 18
 1230
 9
 21
 51
 25513
 58
 74
 34
 10
 293
 27
 10
51
    1 0 0 1 
 280 0 0
 28 0 3 0 1 2
 245 1 1 2 0 2 0 1
52
 28
 22
 33
 51
 15888
 67
 9
 2664
 10
 233 6
 15
 19
 4672
 19
 22
 11 2
 119 6 7

57
 83
 61
 77
 128
 28879
 100
 52
 19047
 13
 1275
 17
 19
 134
 27061
 52
 26
 39 5
 208
 20 8
58
 113
 80
 75
 114
 27620
 93
 50
 18241
 23
 1577
 5
 14
 147
 26654
 50
 14
 32 4
 213 8
 10
59
 88
 79
 84
 147
 32129
 192
 68
 9796
 34
 1292
 19
 33
 59
 18486
 61
 88
 47 9
 285
 33
 14
60
 48
 44
 59
 98
 26555
 107
 31
 6142
 22
 802
 14
 24
 64
 17631
 40
 21
 40 9
 201
 24 6
62
 204
 184
 316
 113
 8967
 44
 16
 1957
 20
 8308
 30
 204
 37
 35214
 71
 100
 31
 17
 1262
 39
 27
63
 107
 189
 181
 92
 6191
 74
 28
 1527
 37
 5314
 33
 408
 38
 28122
 54
 165
 27
 16
 1074
 12
 20
64
 143
 130
 203
 108
 9712
 82
 43
 2159
 32
 3592
 22
 196
 50
 26896
 57
 179
 38
 13
 686
 30
 27
65
 114
 113
 187
 99
 6249
 72
 33
 1702
 33
 4788
 20
 73
 59
 24509
 70
 133
 19
 18
 954
 62
 33
66
 157
 185
 253
 78
 6165
 54
 33
 1543
 35
 6588
 40
 151
 68
 27904
 65
 86
 37
 18
 1187
 57
 21
67
 147
 125
 267
 115
 7320
 73
 41
 1757
 30
 6840
 24
 242
 48
 29604
 44
 145
 27
 21
 1298
 84
 15
68
 211
 202
 266
 133
 5403
 187
 38
 1852
 34
 6953
 44
 109
 56
 32084
 67
 57
 43
 16
 935
 36
 32
69
 143
 120
 160
 110
 6143
 571
 43
 1574
 37
 3744
 32
 53
 77
 30911
 57
 48
 26
 13
 512
 20
 35
70
 120
 150
 173
 99
 6355
 2071
 48
 1747
 36
 4295
 43
 70
 72
 28566
 79
 94
 44
 22
 744
 27
 31
71
 93
 84
 121
 77
 6072
 87
 29
 1222
 18
 2971
 31
 32
 77
 28454
 58
 29
 14
 20
 764
 21
 23
72
 75
 63
 96
 82
 5446
 75
 31
 1150
 20
 2286
 34
 41
 57
 23879
 52
 53
 24
 22
 811
 28
 17
73
 100
 92
 145
 115
 3763
 513
 60
 1424
 36
 2501
 31
 42
 92
 26129
 60
 46
 30
 19
 578
 18
 32
74
 185
 104
 134
 102
 13362
 74
 26
 7650
 13
 3387
 14
 33
 42
 36665
 50
 25
 30
 12
 419
 21
 19
75
 167
 132
 141
 116
 12900
 69
 51
 10084
 18
 4019
 18
 47
 42
 43486
 72
 40
 33
 11
 444
 27
 26
76
 203
 140
 172
 111
 13881
 57
 38
 11126
 27
 4341
 24
 70 
 38
 42770
 41
 36
 44
 12
 514
 42
 11
77
 177
 110
 105
 107
 14225
 78
 36
 8497
 23
 2899
 14
 44
 51
 38632
 46
 27
 36 6
 343
 17
 18
78
 115
 70
 105
 110
 21191
 113
 29
 7757
 24
 2500
 19
 21
 54
 35933
 50
 47
 25 6
 389
 12
 19
79
 126
 78
 127
 145
 22856
 119
 55
 10820
 25
 2435
 19
 48
 78
 40325
 67
 85
 37
 10
 308
 16
 16
80
 105
 73
 90
 111
 27790
 119
 40
 9620
 14
 1907
 6
 29
 46
 36480
 52
 22
 38 8
 236
 10
 13
81
 103
 71
 89
 131
 22804
 144
 49
 9575
 29
 2065
 15
 30
 55
 33446
 97
 58
 27
 14
 374
 14
 14
82
 115
 97
 123
 112
 15025
 89
 42
 6972
 26
 2413
 23
 113
 60
 39147
 66
 93
 104
 21
 363
 26
 23
83
 135
 200
 198
 43
 2504
 22
 12
 611
 27
 17664
 25
 299
 18
 17914
 24
 24
 11
 39
 9462
 72
 12
84
 106
 109
 130
 37
 475
 12
 13
 246
 34
 14794
 34
 419
 28
 14492
 22
 34
 16
 54
 6990
 271
 18
85
 87
 70
 105
 30
 600
 18
 16
 268
 45
 14538
 16
 215
 27
 13182
 14
 39
 13
 36
 4242
 224
 14
86
 59
 97
 112
 40
 627
 21
 22
 237
 55
 14264
 41
 876
 25
 14286
 24
 58
 14
 59
 6600
 354
 25
87
 80
 89
 100
 28
 568
 12
 17
 171
 36
 12781
 35
 1760
 30
 15369
 18
 53
 12
 66
 7736
 186
 10
88
 141
 100
 153
 57
 1192
 13
 30
 328
 39
 15794
 32
 459
 15
 14111
 26
 59
 33
 35
 5268
 220
 15
89
 82
 69
 115
 40
 750
 14
 20
 212
 21
 8873
 20
 524
 22
 15241
 33
 84
 17
 59
 4353
 397
 17
90
 240
 166
 263
 83
 5996
 47
 24
 1465
 18
 7107
 31
 50
 44
 30241
 77
 97
 27
 12
 1670
 109
 17
91
 225
 208
 231
 72
 4464
 61
 20
 1201
 27
 7167
 15
 61
 36
 29769
 63
 92
 26
 15
 1615
 24
 25
92
 102
 135
 144
 65
 4365
 58
 19
 722
 31
 6938
 37
 75
 45
 24721
 73
 218
 31
 23
 1829
 40
 25
93
 155
 127
 187
 79
 5105
 45
 14
 861
 19
 6067
 18
 34
 41
 26486
 46
 198
 18
 20
 1608
 54
 32
94
 273
 166
 236
 83
 4957
 50
 13
 1364
 26
 7622
 24
 89
 42
 32688
 55
 71
 28
 15
 1449
 43
 30
95
 609
 320
 399
 116
 6304
 74
 21
 2235
 15
 10323
 45
 116
 27
 44145
 70
 78
 36
 31
 2387
 49
 42
96
 371
 283
 317
 93
 7560
 76
 22
 1905
 37
 8716
 36
 79
 54
 41438
 96
 122
 38
 29
 2068
 39
 42
97
 337
 230
 302
 112
 6421
 49
 22
 1752
 38
 8439
 33
 76
 45
 38697
 60
 98
 39
 17
 1444
 48
 26
98
 341
 194
 270
 101
 5976
 77
 23
 1479
 50
 8616
 34
 73
 41
 35350
 103
 131
 33
 41
 2140
 67
 38
99
 209
 146
 263
 85
 8277
 48
 22
 2404
 17
 5156
 20
 180
 44
 37956
 88
 44
 36
 14
 1328
 16
 19
100
 76
 85
 133
 82
 6152
 49
 21
 1348
 25
 3516
 16
 41
 47
 32171
 76
 121
 31
 22
 914
 16
 30
101
 85
 76
 130
 50
 5780
 46
 19
 1293
 28
 4284
 14
 155
 37
 23559
 56
 177
 33
 45
 893
 16
 12
102
 97
 84
 116
 72
 9587
 81
 21
 1662
 23
 3455
 13
 150
 48
 30509
 52
 91
 33
 18
 929
 25
 21
103
 88
 77
 111
 87
 9884
 62
 20
 2455
 24
 3298
 18
 28
 45
 32411
 66
 115
 22
 25
 813
 22
 13
105
    5 8 3
 15
 2394
 8 1
 416 1
 56
 2 3 1
 1036
 2 2 3 0
 14 1 0
106
 60
 91
 59
 82
 22556
 81
 22
 7554
 16
 1285
 12
 59
 25
 18725
 32
 26
 26 4
 287
 13
 10
107
 56
 67
 67
 71
 21886
 87
 32
 8037
 14
 732
 6
 61
 18
 13266
 56
 20
 27
 4
 181
 7 9
112
 22
 32
 37
 50
 19296
 61
 7
 2777
 9
 422 6
 46
 12
 7476
 17 8
 13 2
 87 6 2
113
 108
 156
 100
 126
 39486
 192
 40
 4800
 39
 1531
 16
 33
 48
 23366
 55
 72
 34 5
 292
 11
 35
114
 56
 110
 60
 109
 27508
 144
 24
 4168
 16
 620
 11
 22
 16
 11994
 22
 41
 19 7
 144 9 5
115
 239
 326
 236
 39
 3046
 33 8
 650
 32
 20976
 29
 165
 14
 14315
 27
 38
 11
 34
 4539
 49
 22
116
 210
 276
 262
 44
 2378
 23
 14
 553
 23
 22605
 29
 123
 14
 14079
 28
 51
 14
 31
 5308
 51
 43
117
 248
 322
 229
 63
 4174
 44
 13
 992
 31
 18102
 35
 121
 28
 17131
 39
 57
 15
 23
 3979
 37
 33
118
 178
 236
 230
 46
 1294
 33
 15
 326
 34
 23183
 24
 144
 18
 12540
 19
 41
 14
 35
 5177
 55
 15
119
 88
 156
 168
 57
 816
 39
 21
 195
 38
 18406
 16
 263
 39
 12257
 25
 67
 16
 47
 4516
 46
 42
120
 62
 138
 158
 51
 532
 23
 20
 142
 39
 21299
 36
 45
 29
 10575
 28
 44
 14
 41
 5493
 60
 40
121
 143
 180
 152
 44
 1268
 23
 18
 296
 46
 25932
 29
 110
 26
 12167
 23
 56
 10
 36
 5120
 340
 31
122
 143
 175
 184
 56
 705
 27
 45
 230
 56
 27799
 34
 84
 36
 17372
 27
 50
 16
 58
 5744
 268
 46

123 108 194 154 34 742 25 28 190 29 17851 59 117 37 12338 23 67 10 42 5513 192 19
124 126 212 177 41 1081 28 15 337 28 17870 19 78 13 12766 24 37 15 32 5115 131 33
125 86 182 138 59 866 27 34 143 61 20227 45 272 34 11646 33 83 23 66 5865 80 25
126 76 161 168 46 965 19 17 274 45 17784 26 286 31 11296 24 41 17 49 5376 49 40
127 146 110 131 105 16723 108 20 6269 17 2754 17 133 53 35834 67 26 24 19 411 15 9
128 158 117 180 129 20805 108 26 9216 18 3200 17 170 46 42009 76 28 35 23 446 21 14
129 121 100 152 103 16233 76 23 6137 18 2774 11 90 58 35327 93 23 41 37 439 9 22
130  92 84 86 102 12718 106 30 3095 36 1829 19 51 68 32747 52 92 28 24 228 83 16
131 121 73 122 99 13336 94 23 3623 33 2945 14 76 64 38791 69 116 31 35 392 15 10
132 80 79 149 91 11290 155 28 2900 24 3134 10 43 54 29476 71 83 24 714 634 11 18
133 226 128 201 150 24332 101 31 8470 27 3753 14 60 47 42495 73 70 33 16 385 16 9
134 185 133 205 119 19695 77 33 7730 27 3308 21 76 61 45014 60 67 23 18 343 15 13
135 229 159 222 128 18359 70 19 7341 22 3949 21 70 60 40319 56 88 37 24 445 14 12
136 220 123 196 158 21021 107 45 8398 18 3562 27 73 60 50231 77 58 44 28 360 21 15
137 70 49 105 90 11368 91 23 2585 22 2492 19 28 56 27283 44 95 30 12 240 8 20
138 78 59 121 125 13375 92 37 2181 47 2523 17 34 56 31692 52 76 25 13 341 15 24
139 142 83 152 135 20344 119 25 5310 42 2911 15 54 72 43108 73 74 22 9 326 19 16
140 171 91 173 150 21464 215 36 7176 17 2800 18 47 69 51328 73 72 28 8 395 18 13
141 139 67 110 124 17991 93 27 5346 26 1790 18 31 62 37171 51 74 24 10 227 13 10
142 124 39 94 141 29271 173 46 3744 24 1142 8 23 79 28300 46 33 19 9 60 12 10

143
 125
 51
 92
 135
 27920
 114
 31
 4352
 24
 1309
 12
 40
 50
 26779
 49
 25
 18
 10
 160
 17
 11
144
 262
 178
 192
 92
 9668
 57
 14
 2628
 19
 6730
 20
 144
 37
 37698
 533
 75
 79
 9
 1174
 38
 19
145
 194
 137
 179
 85
 8651
 53
 21
 2250
 34
 5847
 27
 125
 38
 38235
 425
 98
 57
 13
 1077
 38
 26
146
 218
 114
 157
 96
 11491
 52
 23
 2379
 16
 4160
 22
 114
 39
 34086
 357
 33
 35
 10
 774
 24
 22
147
 86
 107
 117
 93
 7663
 69
 40
 1356
 32
 4892
 19
 73
 45
 31649
 322
 149
 35
 11
 1268
 72
 25
148
 96
 143
 140
 77
 7304
 68
 24
 1477
 36
 4947
 16
 79
 35
 29582
 218
 185
 38
 11
 961
 38
 27
149
 90
 72
 109
 81
 7782
 96
 28
 1556
 29
 3236
 14
 67
 45
 30761
 639
 145
 28
 11
 822
 17
 19
150
 121
 99
 139
 83
 11314
 65
 28
 2614
 18
 3985
 16
 92
 49
 34690
 619
 82
 38
 13
 736
 24
 17
151
 142
 120
 148
 88
 5948
 52
 27
 1187
 34
 5035
 13
 55
 39
 25463
 399
 199
 28
 28
 1023
 36
 20
152
 289
 329
 352
 77
 5045
 54
 18
 1343
 30
 11368
 27
 167
 30
 28683
 61
 113
 22
 26
 3186
 84
 24
153
 152
 150
 285
 109
 5110
 51
 35
 1069
 53
 8399
 41
 100
 38
 26687
 68
 95
 26
 25
 3420
 56
 29
154
 178
 153
 242
 102
 4428
 56
 25
 976
 58
 10487
 44
 83
 42
 23855
 53
 94
 23
 31
 3584
 31
 38
155
 141
 134
 180
 106
 5555
 70
 40
 1124
 37
 6269
 39
 125
 61
 25559
 75
 165
 45
 33
 2180
 53
 35
156
 135
 141
 190
 73
 4229
 71
 34
 858
 49
 6020
 50
 56
 33
 27802
 50
 107
 38
 37
 3100
 289
 34
157
 196
 201
 188
 87
 8766
 88
 20
 2903
 13
 7711
 23
 94
 32
 40094
 149
 82
 30
 15
 909
 36
 25
158
 103
 155
 149
 83
 8458
 67
 24
 1989
 29
 5785
 46
 176
 59
 36458
 279
 131
 30 7
 629
 24
 20
159
 82
 123
 114
 111
 16825
 107
 20
 2332
 27
 3094
 25
 49
 41
 23174
 86
 114
 37
 11
 282
 85
 20
160
 99
 108
 146
 102
 12208
 75
 17
 2658
 18
 4733
 19
 56
 37
 28344
 194
 74
 33
 11
 630
 18
 26
161
 92
 124
 89
 56
 5183
 65
 35
 1208
 38
 4852
 15
 64
 31
 24933
 80
 256
 33
 10
 713
 199
 22
162
 73
 79
 124
 83
 10968
 112
 21
 1709
 27
 4074
 14
 50
 49
 29036
 122
 162
 25
 12
 467
 18
 14

163
 266
 245
 250
 51
 1912
 29
 21
 548
 34
 25517
 33
 134
 13
 18751
 33
 50
 19
 34
 5419
 39
 31
164
 114
 167
 222
 75
 3833
 31
 26
 930
 41
 14034
 28
 104
 18
 16721
 52
 74
 25
 49
 5845
 47
 34
165
 142
 126
 328
 56
 875
 23
 35
 178
 48
 23221
 32
 65
 20
 14735
 28
 42
 10
 46
 5376
 142
 27
166
 82
 152
 165
 57
 760
 13
 20
 187
 47
 17255
 29
 71
 18
 13989
 39
 69
 15
 49
 6531
 251
 28
167
 59
 117
 164
 38
 973
 22
 22
 184
 20
 11680
 24
 38
 32
 14587
 38
 96
 14
 40
 6157
 197
 27
168
 294
 188
 182
 181
 23298
 99
 24
 7866
 16
 4613
 17
 84
 32
 37806
 67
 48
 33 8
 499
 24
 19
169
 299
 174
 144
 216
 25059
 110
 24
 7796
 18
 4322
 14
 64
 44
 38584
 94
 65
 38 8
 473
 20 9
170
 225
 125
 145
 187
 26380
 101
 29
 8208
 12
 3813
 19
 54
 34
 37387
 79
 70
 44 9
 381
 17
 15
171
 214
 124
 129
 154
 25940
 92
 21
 8222
 12
 3423
 15
 58
 32
 35285
 71
 46
 34
 13
 398
 18
 13
172
 206
 107
 137
 162
 27560
 109
 33
 9436
 15
 3241
 13
 52
 35
 36372
 62
 63
 28
 10
 366
 18
 21
173
 228
 134
 142
 160
 24057
 102
 24
 7517
 12
 3244
 11
 464
 21
 34144
 88
 37
 20 7
 413
 18
 12
174
 250
 143
 168
 163
 25308
 113
 33
 7827
 18
 3734
 10
 54
 47
 37391
 88
 48
 31 6
 442
 15
 19
175
 158
 87
 112
 148
 22983
 110
 23
 4911
 23
 3082
 17
 56
 34
 36594
 81
 38
 22 5
 353
 13
 13
176
 95
 47
 92
 115
 30283
 116
 29
 7603
 25
 1645
 11
 34
 37
 29184
 59
 52
 26 4
 208
 14
 14
177
 56
 53
 105
 138
 28141
 159
 39
 5257
 24
 1626
 12
 20
 43
 30549
 59
 42
 34 9
 307
 16
 16
178
 106
 70
 101
 148
 26372
 138
 27
 6114
 39
 1586
 11
 31
 33
 28405
 56
 96
 28 7
 243
 19
 12
179
 98
 55
 109
 149
 24200
 115
 30
 5491
 36
 1922
 24
 23
 46
 34181
 53
 118
 26
 13 
 259 9
 19
180
 72
 59
 97
 121
 19708
 97
 27
 3156
 21
 2378
 10
 51
 35
 30637
 70
 97
 24
 11
 264
 11
 11
181
 146
 81
 113
 175
 22907
 127
 32
 9656
 34
 2822
 15
 37
 45
 35951
 99
 55
 17 8
 290
 14
 11
182
 154
 132
 180
 128
 12685
 74
 23
 5585
 20
 4498
 31
 122
 43
 34447
 55
 36
 21
 18
 590
 30
 11

183
 133
 119
 140
 113
 11779
 55
 30
 4902
 17
 4156
 25
 81
 53
 34246
 58
 35
 37
 12
 526
 24
 20
184
 126
 90
 142
 126
 14238
 77
 32
 5229
 34
 3628
 10
 43
 53
 36296
 66
 100
 43
 11
 643
 22
 11
185
 94
 81
 140
 131
 19489
 111
 47
 5629
 36
 2797
 12
 62
 67
 34337
 64
 82
 37
 13
 277
 17
 27
186
 93
 100
 142
 125
 15679
 96
 28
 3493
 33
 3397
 16
 108
 67
 37116
 64
 71
 35
 16
 529
 13
 17
187
 216
 144
 205
 76
 4978
 158
 10
 1372
 23
 10224
 26
 135
 29
 27289
 49
 56
 18
 23
 5360
 42
 27
188
 196
 115
 214
 77
 4013
 171
 31
 976
 36
 10027
 27
 73
 40
 26700
 37
 60
 26
 25
 3974
 26
 19
189
 96
 145
 198
 80
 4280
 151
 19
 886
 60
 7575
 24
 184
 30
 20795
 67
 134
 38
 15
 1704
 28
 20
190
 141
 97
 208
 68
 5166
 153
 27
 1099
 53
 6661
 33
 56
 35
 23070
 61
 107
 39
 22
 1731
 25
 29
191
 97
 133
 107
 39
 4287
 4441
 29
 713
 46
 7786
 23
 37
 31
 18607
 58
 85
 18
 30
 2154
 29
 16
192
 96
 184
 153
 73
 4999
 112
 32
 904
 57
 6301
 22
 59
 40
 20923
 73
 130
 21
 25
 1973
 34
 26
193
 130
 93
 155
 86
 5282
 125
 25
 1081
 52
 7336
 21
 40
 35
 24574
 47
 104
 31
 11
 2552
 34
 47
194
 271
 162
 193
 75
 6163
 50
 19
 1826
 23
 9443
 22
 66
 31
 28819
 53
 58
 28
 21
 1109
 25
 22
195
 163
 134
 183
 71
 5329
 40
 23
 1526
 29
 8916
 24
 118
 31
 26448
 59
 146
 31
 23
 949
 33
 28
196
 92
 74
 124
 45
 4187
 34
 20
 1111
 23
 8600
 31
 77
 36
 24937
 71
 228
 17
 12
 1030
 10
 12
197
 129
 97
 167
 53
 4672
 59
 22
 1236
 27
 8660
 26
 42
 30
 26662
 51
 79
 20
 17
 1436
 23
 25
198
 142
 80
 155
 67
 4741
 35
 21
 1280
 31
 7642
 14
 43
 32
 28438
 64
 158
 24
 13
 1018
 29
 15
199
 118
 115
 145
 54
 3561
 42
 19
 908
 30
 8503
 27
 35
 38
 23234
 47
 217
 24
 17
 1001
 34
 16
200
 180
 92
 162
 70
 5228
 74
 18
 1395
 28
 6143
 36
 47
 40
 26446
 74
 140
 38
 58
 1175
 24
 38
201
 238
 206
 286
 101
 7891
 53
 16
 1857
 20
 7899
 21
 1062
 39
 33648
 53
 59
 61
 17
 1728
 41
 17
202
 107
 107
 137
 78
 6365
 71
 32
 840
 21
 4562
 19
 105
 59
 27583
 49
 98
 29
 16
 1567
 31
 25

203
 132
 102
 123
 118
 13143
 79
 37
 726
 18
 2839
 29
 197
 61
 30936
 61
 56
 52
 13
 666
 14
 15
204
 109
 62
 134
 85
 7275
 61
 21
 960
 25
 4606
 22
 142
 44
 27654
 68
 115
 45
 21
 1105
 31
 27
205
 217
 148
 244
 83
 9093
 54
 24
 2843
 19
 6457
 18
 74
 25
 29010
 50
 48
 61
 10
 771
 47
 18
206
 163
 134
 185
 109
 7106
 51
 33
 3060
 21
 4966
 20
 90
 33
 27238
 46
 55
 48
 10
 658
 32
 27
207
 79
 90
 106
 63
 7942
 82
 30
 2609
 30
 3120
 11
 71
 33
 20568
 50
 102
 32
 12
 328
 13
 15
208
 80
 116
 112
 55
 4878
 49
 22
 1296
 18
 4805
 14
 52
 31
 18131
 37
 98
 34
 11
 719
 23
 20
209
 95
 104
 109
 47
 4672
 29
 15
 1598
 19
 6091
 16
 77
 39
 21202
 31
 84
 23 7
 648
 15
 17
210
 97
 82
 115
 51
 5177
 37
 21
 1732
 25
 5817
 21
 79
 38
 23160
 52
 63
 27 7
 897
 15
 26
211
 483
 338
 446
 90
 7062
 57
 17
 2514
 21
 11623
 44
 103
 31
 32076
 73
 99
 29
 22
 1914
 33
 17
212
 546
 345
 442
 106
 7561
 59
 14
 2881
 18
 13046
 54
 135
 32
 36520
 75
 91
 24
 46
 1779
 51
 44
213
 497
 302
 383
 98
 6549
 46
 24
 2300
 17
 10318
 37
 106
 33
 33484
 52
 90
 36
 17
 1696
 43
 32
214
 424
 328
 434
 87
 8041
 55
 11
 2618
 23
 10204
 41
 112
 30
 28993
 63
 79
 49
 18
 1448
 40
 20
215
 367
 242
 386
 76
 6985
 53
 29
 2285
 27
 8984
 47
 82
 46
 30919
 50
 111
 39
 22
 2005
 29
 25
216
 441
 256
 366
 102
 6331
 66
 14
 2173
 22
 9070
 33
 85
 34
 31361
 61
 100
 38
 14
 1337
 26
 21
217
 453
 334
 371
 86
 8173
 48
 24
 2407
 22
 10647
 50
 107
 23
 27951
 53
 95
 22
 26
 1683
 45
 27
218
 500
 273
 383
 75
 5872
 53
 12
 2122
 13
 9393
 53
 103
 23
 27234
 62
 86
 34
 13
 1560
 34
 29
219
 453
 275
 393
 84
 6070
 69
 27
 2393
 14
 9854
 39
 77
 38
 30666
 56
 77
 48
 24
 1649
 24
 23
220
 416
 287
 362
 62
 5779
 50
 15
 2087
 30
 9316
 40
 107
 39
 26900
 54
 89
 35
 20
 1401
 41
 22
221
 499
 482
 397
 88
 9137
 67
 19
 2918
 30
 10595
 51
 130
 17
 29454
 55
 73
 32
 32
 1578
 46
 39
222
 454
 329
 405
 86
 6384
 48
 15
 2764
 27
 9877
 40
 119
 33
 32882
 63
 78
 33
 27
 1590
 21
 35

223 455 320 441 82 7781 50 24 2798 23 10432 36 134 31 27807 55 92 34 33 1773 36 21

333 199 170 108 39 2153 30 5 991 5 5860 1 41 18 14318 11 19 13 12 2575 19 14