11
 90
 2575
 101
 337
 18
 36
 24
 139
 33083
 35
 105
 15762
 38
 75
 14811
 653
 93
 372
 115229
12
 96
 3666
 116
 293
 21
 40
 21
 145
 31819
 33
 105
 13789
 51
 80
 16207
 816
 91
 477
 115714
13
 172
 8848
 104
 253
 14
 33
 30
 135
 20460
 41
 113
 7991
 55
 125
 20141
 1197
 111
 631
 95116
14
 129
 8666
 99
 248
 20
 15
 17
 149
 23232
 45
 85
 8237
 24
 142
 19150
 1161
 116
 617
 102258
15
 154
 12093
 103
 219
 15
 22
 19
 127
 18318
 48
 84
 5114
 27
 245
 17573
 971
 115
 584
 93001
16
 145
 9287
 86
 170
 17
 25
 31
 98
 14512
 39
 79
 4864
 26
 184
 13640
 780
 107
 553
 79437
17
 219
 10052
 77
 222
 15
 21
 26
 132
 18150
 47
 105
 9373
 24
 98
 20077
 1170
 135
 579
 99784
18
 180
 10186
 106
 236
 12
 26
 17
 138
 19341
 39
 88
 6739
 57
 105
 19283
 1169
 104
 541
 89893
19
 120
 8593
 62
 326 6
 29
 19
 73
 14074
 29
 68
 5717
 15
 81
 20291
 913
 172
 1341
 91595
20
 208
 13396
 78
 442
 12
 42
 23
 108
 22509
 37
 92
 6427
 30
 118
 23919
 1205
 254
 1964
 109079
21
 175
 10526
 84
 329
 15
 24
 23
 101
 17039
 33
 115
 7161
 31
 74
 19771
 959
 184
 1313
 100740
22
 83
 4141
 59
 500
 10
 56
 13
 83
 23091
 22
 90
 12082
 23
 72
 16432
 586
 133
 1175
 107834
23
 202
 14891
 75
 361
 12
 27
 13
 153
 22034
 40
 75
 4656
 39
 96
 22808
 1171
 407
 2849
 105444
24
 67
 1642
 44
 163
 18
 11
 14
 47
 9867
 8
 48
 5465
 18
 68
 7284
 329
 45
 143
 101549
25
 56
 1284
 46
 141
 15
 23
 18
 52
 10527
 10
 54
 5262
 22
 65
 7527
 324
 38
 163
 94725
26
 58
 1137
 46
 129
 17
 23 8
 58
 10788
 10
 47
 5478
 19
 60
 7519
 266
 43
 170
 90356
27
 60
 894
 22
 144
 15
 29 9
 70
 12488
 5
 48
 5789
 19
 68
 7814
 229
 40
 152
 90757
28
 58
 1402
 31
 156 8
 15 8
 41
 9359
 13
 38
 4948
 12
 64
 7136
 352
 45
 190
 92347
29
 60
 2430
 31
 130
 12
 20
 14
 46
 8738
 14
 51
 4797
 21
 53
 8204
 372
 35
 153
 92498
30
 60
 1798
 34
 103 5
 10
 15
 27
 6513
 10
 32
 5273
 21
 127
 9553
 406
 38
 143
 98977
31
 44
 1743
 29
 130 5
 14 8
 18
 7536
 11
 37
 5186
 10
 45
 7416
 382
 28
 137
 113342
32
 39
 1743
 31
 125
 10
 10 7
 43
 7412
 6
 54
 5582
 13
 53
 6076
 227
 26
 104
 114140
33
 38
 1384
 25
 97 5
 13 6
 32
 6531
 6
 22
 4618
 12
 45
 5629
 224
 22
 106
 94119
34
 96
 4637
 47
 129 6
 12
 14
 50
 6267
 19
 43
 4123
 17
 106
 9973
 471
 51
 184
 90340
35
 60
 3888
 49
 84
 16
 14 8
 46
 8546
 12
 54
 5152
 17
 86
 11269
 509
 64
 275
 95684
36
 69
 3220
 27
 69
 10
 15
 11
 33
 7281
 22
 32
 3918
 16
 84
 10029
 463
 42
 163
 102306
37
 70
 4254
 36
 85 8 9 6 
 50
 5039
 13
 46
 3143
 20
 63
 8586
 455
 34
 120
 89307
38
 62
 4661
 48
 122 9
 24
 13
 55
 6951
 27
 42
 3861
 12
 70
 7142
 362
 35
 176
 91585
39
 79
 6227
 48
 104
 11
 10 9
 57
 6943
 14
 33
 3134
 8
 65
 10131
 538
 44
 170
 91833
40
 72
 4064
 38
 92 9
 11
 11
 59
 6391
 17
 37
 3060
 13
 91
 9154
 514
 55
 176
 85022
45
 19
 266
 28 9 0 5 6
 24
 6700
 5
 12
 386
 15
 22
 999
 58
 16
 34
 24671
46
 69
 2305
 63
 73
 14
 13
 22
 66
 12519
 26
 34
 1791
 29
 171
 3201
 212
 61
 136
 89797
47
 44
 1933
 61
 35
 11
 10 6
 40
 6977
 15
 25
 2429
 9
 71
 2180
 108
 36
 83
 75146
48
 56
 1352
 59
 59
 13
 15 7
 50
 11856
 21
 34
 3517
 31
 123
 2981
 126
 38
 107
 89816
49
 65
 2061
 44
 46
 14
 17
 13
 66
 11241
 29
 61
 1582
 49
 79
 2913
 142
 42
 66
 83837
50
 39
 2341
 46
 79
 10
 12 9
 47
 6741
 26
 37
 2067
 183
 148
 3759
 195
 28
 106
 90218
51
 0 20 0 0 0 0 0 4 249 0 0 8 3 2 22 2 2 0 880
52
 16
 440
 17
 18 8 4 3
 22
 10995
 11 9
 453 3
 29
 1506
 65
 11
 21
 37534
57
 48
 3868
 57
 48
 14
 13
 13
 51
 5269
 14
 26
 2466
 17
 303
 3230
 161
 28
 73
 93003
58
 41
 3027
 47
 47 7
 14 7
 21
 6153
 12
 28
 3204
 10
 334
 3715
 157
 20
 59
 92040

59
 81
 2193
 84
 47
 14
 30
 12
 101
 14474
 32
 28
 1731
 42
 114
 3773
 247
 50
 115
 86211
60
 54
 2696
 64
 54
 14
 13 7
 44
 14110
 24
 57
 1353
 11
 119
 2426
 156
 31
 117
 73332
62
 82
 3885
 86
 277
 16
 29
 10
 67
 16837
 13
 110
 14449
 36
 93
 14468
 541
 79
 548
 108787
63
 160
 9937
 92
 219 9
 19
 14
 104
 16724
 20
 96
 9457
 26
 138
 19757
 1031
 108
 508
 102128
64
 239
 12652
 118
 197
 16
 30
 18
 120
 13627
 38
 84
 5887
 29
 152
 18814
 830
 115
 -590
 97954
65
 178
 11687
 92
 221 8
 20
 23
 130
 15717
 26
 79
 7074
 37
 105
 16376
 830
 119
 684
 92746
66
 159
 10761
 79
 228
 18
 27 9
 141
 19512
 39
 89
 6327
 35
 118
 19512
 957
 137
 618
 103491
67
 162
 11211
 90
 254
 18
 38 8
 108
 16276
 33
 81
 8970
 46
 105
 18898
 997
 119
 574
 106255
68
 129
 2883
 69
 325
 23
 97
 19
 75
 13470
 28
 62
 6731
 41
 125
 12955
 686
 146
 806
 87428
69
 156
 3995
 58
 160
 16
 33
 17
 98
 7961
 41
 66
 3523
 32
 109
 10466
 724
 176
 634
 72694
70
 240
 7667
 60
 229
 16
 33
 22
 106
 10172
 39
 77
 3803
 69
 121
 17932
 1077
 248
 988
 87785
71
 98
 4548
 51
 174
 12
 19
 15
 75
 6723
 29
 39
 3183
 20
 59
 10223
 603
 225
 798
 67191
72
 111
 5681
 36
 154 9
 18 9
 89
 7726
 33
 38
 1752
 22
 62
 8925
 484
 322
 1896
 61709
73
 106
 3032
 46
 116
 14
 35
 12
 61
 4557
 17
 35
 2055
 32
 76
 9129
 584
 190
 935
 56858
74
 50
 1960
 57
 188
 14
 18
 16
 40
 9322
 10
 39
 5345
 25
 82
 7151
 298
 42
 194
 87218
75
 73
 2619
 47
 196
 13
 22
 12
 43
 10922
 20
 42
 6005
 31
 81
 9275
 386
 61
 224
 102015
76
 67
 2528
 56
 216
 12
 27
 17
 53
 12333
 18
 58
 6601
 36
 93
 8512
 363
 44
 234
 104966
77
 43
 2141
 40
 157
 13
 12
 10
 39
 8747
 9
 37
 4752
 27
 59
 6845
 326
 42
 181
 88971
78
 85
 4589
 44
 107
 17
 15 7
 43
 7230
 21
 39
 3743
 23
 122
 7637
 342
 65
 182
 92900
79
 96
 4641
 51
 111
 14
 18 8
 46
 7575
 36
 52
 3802
 27
 85
 7966
 460
 54
 203
 103040
80 63 2236 51 59 4 11 7 52 7590 20 27 3416 13 89 4851 223 38 101 95660
81 108 5290 51 81 5 19 11 49 6462 31 69 2759 23 72 8779 492 46 173 93724
82 96 6569 72 125 12 22 15 38 6329 21 47 3597 31 104 10962 577 58 243 93971
83 44 1252 40 383 6 35 13 76 28395 30 42 5883 12 41 14942 494 175 3651 104830
84 125 3718 28 295 4 20 11 131 24475 50 55 3079 17 56 28739 1422 287 3165 104011
85 105 3167 19 181 10 31 11 86 19868 32 22 3230 8 39 19932 1023 523 5442 87528
86 109 4938 37 283 6 24 15 110 18185 45 39 3994 15 59 17771 999 332 2278 87135
87 117 3724 36 210 3 24 9 91 14835 31 36 2967 6 66 20422 1032 330 3566 86562
88 110 4972 36 280 7 76 26 79 18559 51 38 3637 12 61 21280 944 255 2397 90940
89 165 4565 23 248 5 18 9 96 14339 36 35 2476 13 59 23424 1144 437 3869 81924
90 78 3497 62 226 13 48 15 73 15428 9 90 15632 26 71 15730 498 67 436 99783
91 88 4481 68 262 10 32 7 77 17969 21 99 7726 23 85 17294 810 84 442 94995
92 141 9187 139 223 21 19 11 73 13553 28 143 7808 26 82 22047 1129 82 561 94969
93 116 6842 115 229 12 17 10 81 14213 37 93 7225 23 74 18232 816 80 449 89878
94 95 4065 87 315 13 43 22 103 21764 22 86 8399 30 85 16814 691 73 514 102545
95 81 2601 93 447 26 59 31 104 31707 21 125 11382 51 148 18063 603 93 517 133594
96 129 5246 101 318 24 45 17 132 23297 42 117 8906 45 132 18996 958 111 627 122664
97 125 5089 79 346 26 43 23 98 21853 27 135 10277 38 88 19358 776 86 492 117244
98 149 7411 89 334 18 43 28 125 22810 41 164 9229 25 97 19343 858 90 531 116563
99 71 3386 69 422 10 28 24 54 15106 10 90 9362 40 120 15496 522 68 461 101711
100
 138
 9404
 102
 221
 14
 20
 11
 80
 10434
 19
 72
 4471
 69
 202
 17859
 856
 160
 551
 89655
101
 121
 10197
 75
 188 7
 12
 15
 74
 9501
 20
 77
 4516
 33
 221
 19547
 910
 94
 504
 82900
102
 104
 6898
 72
 185
 10
 17
 16
 61
 9164
 26
 61
 5499
 33
 205
 16115
 731
 69
 328
 86681
103
 101
 7177
 59
 171 7
 17
 11
 59
 9287
 21
 54
 4675
 13
 166
 15060
 723
 65
 262
  87612
105
 1 96 3 0 0 0 0 1 
 409 3 3 
 113 4 3
 138 7 0
 6
 4758
106
 43
 1297
 21
 52 6 5 7
 25
 5187
 12
 21
 1632
 6
 60
 2469
 99
 21
 100
 62088
107
 37
 1216
 35
 39
 12 5 6
 30
 3465
 15 
 13
 959 7
 53
 2240
 101
 32
 91
 53060
112
 14
 648
 16
 30 4 3 4
 10
 1958
 9 8
 647 6
 25
 1659
 75
 14
 66
 35584
113
 83
 4261
 60
 40
 11
 14
 17
 45
 5663
 26
 35
 1795
 23
 60
 5084
 259
 59
 260
 88340
114
 63
 2092
 53
 41 8 5 6
 18
 3271
 21
 16
 890
 10
 43
 3240
 220
 21
 106
 55229
115
 51
 1403
 52
 409 5
 43
 17
 132
 52526
 42
 47
 6717
 17
 34
 9848
 308
 72
 495
 117046
116
 62
 1480
 37
 496
 11
 59
 14
 135
 52878
 37
 43
 6678
 11
 36
 10403
 379
 89
 537
 119544
117
 55
 1297
 61
 421 6
 60
 15
 130
 49471
 39
 58
 7306
 14
 56
 8891
 330
 79
 439
 114444
118
 60
 2124
 24
 448
 10
 49
 18
 196
 55588
 46
 62
 5806
 19
 39
 11837
 510
 92
 496
 121081
119
 118
 7043
 40
 344 9
 33
 19
 153
 32240
 56
 57
 4156
 17
 79
 20390
 1021
 121
 696
 103910
120
 107
 4914
 28
 448 8
 19
 19
 170
 33458
 56
 49
 3206
 11
 94
 19525
 979
 121
 527
 102608
121
 77
 3206
 31
 322 4
 27 9
 147
 33172
 59
 70
 5173
 
 13
 54
 18522
 845
 99
 635
 108515
122
 131
 5012
 35
 435 6
 36
 22
 196
 39036
 62
 61
 4927
 12
 65
 18078
 817
 155
 853
 123094
123
 113
 5236
 34
 351
 10
 24
 21
 205
 34291
 78
 84
 4232
 20
 50
 17541
 949
 203
 1631
 102845
124
 81
 3637
 20
 244 4
 27
 12
 108
 24373
 34
 85
 5338
 19
 61
 22140
 928
 104
 556
 95949

125
 162
 6443
 36
 267
 11
 62
 30
 198
 28865
 56
 48
 3193
 16
 57
 20216
 1079
 175
 966
 101875
126
 94
 3953
 41
 328 6
 55
 17
 149
 32121
 44
 78
 5327
 19
 63
 19426
 805
 126
 712
 100154
127
 61
 3130
 42
 78
 11
 26
 11
 47
 8833
 13
 36
 4291
 19
 74
 6761
 322
 62
 294
 87102
128
 56
 1971
 48
 101
 14
 23
 12
 36
 8487
 14
 58
 4987
 27
 92
 6738
 271
 59
 298
 100134
129
 64
 2791
 45
 113
 13
 12
 10
 45
 9065
 12
 48
 4121
 25
 76
 6698
 343
 75
 303
 85746
130
 109
 8184
 69
 77
 12
 37
 26
 58
 6834
 21
 38
 2216
 39
 140
 8541
 549
 94
 320
 78950
131
 118
 6991
 40
 88
 13
 34
 11
 59
 8601
 31
 60
 3393
 18
 184
 8642
 498
 108
 413
 89384
132
 131
 7046
 74
 138
 11
 19
 13
 55
 9126
 17
 42
 2301
 24
 189
 9130
 518
 72
 322
 78296
133
 63
 1142
 64
 112
 24
 23 9
 60
 10234
 14
 60
 4462
 26
 96
 6878
 243
 57
 195
 104399
134
 77
 1497
 68
 127
 26
 23
 18
 61
 9551
 16
 69
 3601
 18
 93
 7236
 388
 63
 223
 100378
135
 49
 866
 73
 100
 21
 22
 13
 62
 11892
 15
 57
 4319
 33
 82
 6989
 241
 53
 172
 96703
136
 61
 1755
 83
 121
 13
 23
 17
 62
 8604
 18
 61
 3971
 13
 87
 7032
 343
 70
 222
 107398
137
 123
 6519
 75
 104 8 9 8 
 69
 9309
 18
 93
 1999
 10
 115
 10188
 591
 67
 277
 74312
138
 138
 7386
 111
 98
 12
 21 8
 87
 8282
 30
 128
 1592
 21
 212
 10894
 677
 76
 259
 81015
139
 110
 3839
 66
 95
 13
 16 5
 50
 8259
 28
 51
 2533
 16
 107
 8637
 495
 70
 235
 97676
140
 75
 2971
 59
 114
 20
 16 7
 68
 8685
 19
 71
 3749
 31
 101
 8551
 442
 65
 241
 109647
141
 99
 4041
 66
 69 8
 31
 15
 44
 5855
 26
 92
 2183
 9
 134
 5374
 303
 74
 182
 82009
142
 114
 4009
 147
 67
 13
 17 4
 84
 7378
 28
 57
 821
 12
 95
 5430
 375
 34
 105
 82187
143
 63
 2000
 52
 55 5
 13 8
 47
 5247
 16
 31
 1661
 20
 87
 5155
 275
 38
 184
 76281
144
 60
 2468
 66
 231
 15
 37
 11
 42
 11045
 9
 94
 10651
 25
 86
 12795
 396
 51
 350
 98098

145
 96
 4462
 80
 208
 14
 28
 14
 54
 11338
 21
 92
 8715
 30
 98
 14955
 641
 60
 380
 98896
146
 82
 2669
 78
 204
 14
 18
 14
 40
 11908
 23
 48
 7501
 24
 88
 11046
 433
 72
 273
 88757
147
 117
 8863
 109
 209
 12
 27
 13
 46
 7318
 23
 88
 6057
 36
 85
 15518
 689
 77
 516
 87926
148
 140
 11256
 121
 196
 14
 32
 11
 48
 9664
 24
 729
 6413
 35
 82
 16704
 757
 81
 502
 92311
149
 139
 8895
 68
 173
 11
 33
 12
 69
 8690
 37
 71
 4259
 24
 78
 17112
 793
 77
 420
 86608
150
 93
 6185
 90
 209
 14
 19 6
 60
 9699
 14
 80
 6350
 22
 75
 12237
 577
 78
 364
 91014
151
 130
 10754
 93
 198 5
 26
 41
 48
 8418
 26
 135
 6452
 37
 84
 16358
 744
 91
 589
 84313
152
 97
 4209
 65
 731
 16
 55
 19
 107
 26108
 32
 364
 10739
 20
 75
 12832
 469
 126
 873
 108265
153
 172
 11187
 81
 489
 15
 54
 24
 150
 26397
 53
 1336
 6722
 25
 104
 16280
 879
 191
 1057
 111214
154
 188
 11719
 62
 764
 10
 49
 20
 145
 26634
 40
 126
 5670
 48
 95
 19917
 1022
 224
 1417
 112733
155
 292
 14881
 121
 448
 13
 41
 29
 184
 24292
 54
 109
 3991
 33
 91
 21095
 1232
 266
 1450
 110648
156
 207
 12590
 79
 534
 15
 47
 38
 157
 19825
 57
 84
 4512
 36
 72
 18130
 1055
 280
 1395
 102509
157
 89
 3616
 51
 328
 10
 27
 16
 50
 15616
 15
 80
 11598
 23
 104
 17805
 584
 67
 441
 112182
158
 118
 7849
 73
 304
 16
 26
 14
 60
 12684
 27
 53
 8437
 28
 96
 18914
 844
 82
 519
 104845
159
 107
 7667
 85
 124
 15
 28
 21
 50
 6299
 22
 53
 4444
 27
 101
 12497
 627
 58
 351
 79335
160
 65
 4984
 76
 214
 13
 26
 10
 24
 6729
 18
 64
 8595
 19
 76
 9946
 388
 64
 333
 81250
161
 118
 12582
 64
 178
 10
 22
 13
 63
 9925
 23
 97
 7291
 31
 77
 18388
 735
 64
 464
 88243
162
 109
 8772
 74
 256 8
 31
 21
 77
 8194
 35
 55
 5436
 35
 149
 13951
 628
 48
 285
 85403
163
 63
 2081
 42
 595 4
 57
 17
 98
 29016
 25
 64
 9943
 28
 42
 14073
 463
 63
 619
 110722
164
 150
 12539
 82
 537
 12
 23
 17
 134
 22832
 43
 67
 4548
 26
 68
 22006
 976
 148
 780
 107458

 165
 110
 7856
 33
 699 2
 33
 17
 128
 30436
 52
 57
 5609
 27
 69
 22199
 961
 134
 888
 114865
166
 123
 9260
 30
 678 8
 20
 11
 143
 25733
 42
 54
 3623
 22
 67
 23972
 1289
 173
 1186
 106261
167
 118
 8084
 40
 450
 13
 26
 20
 134
 22758
 30
 45
 3871
 17
 54
 19065
 1018
 123
 859
 91254
168
 78
 1130
 80
 121
 23
 24
 15
 47
 13758
 20
 49
 5533
 21
 126
 7841
 245
 46
 144
 104699
169
 87
 1333
 71
 118
 25
 19
 18
 51
 12350
 12
 48
 4972
 21
 95
 7198
 260
 43
 129
 104425
170
 64
 1393
 106
 141
 12
 25
 18
 43
 9650
 6
 30
 4638
 14
 93
 6576
 233
 34
 120
 100530
171
 72
 1379
 55
 124
 18
 30
 21
 32
 9191
 9
 33
 4484
 26
 72
 6723
 251
 37
 117
 96988
172
 59
 1597
 69
 93
 14
 18 8
 38
 8204
 12
 40
 4115
 13
 69
 6151
 269
 40
 116
 98971
173
 65
 1550
 58
 104
 14
 24
 11
 41
 8677
 9
 29
 3790
 9
 87
 6958
 282
 51
 117
 92313
174
 86
 1600
 73
 101
 18
 18
 14
 42
 9656
 14
 36
 4219
 22
 101
 8011
 364
 48
 139
 100470
175
 65
 2774
 65
 113
 10
 13
 16
 35
 7304
 17
 23
 2790
 21
 59
 7481
 372
 45
 126
 90192
176
 60
 3846
 36
 58
 10
 20
 14
 39
 4977
 24
 30
 1920
 11
 43
 5600
 269
 37
 131
 86818
177
 74
 4842
 59
 91 5
 19
 13
 40
 5990
 20
 30
 2672
 13
 102
 5567
 286
 42
 179
 86749
178
 91
 4993
 54
 66 6
 18
 24
 39
 5096
 28
 27
 1994
 18
 116
 5253
 264
 56
 160
 81945
179
 78
 7200
 76
 75 4
 16
 18
 31
 5282
 30
 27
 2820
 9
 77
 7991
 390
 48
 183
 91331
180
 97
 6062
 65
 93 7
 23
 14
 57
 6305
 25
 21
 2399
 15
 120
 8794
 454
 34
 166
 81708
181
 67
 2668
 50
 110
 19
 20
 14
 40
 6497
 20
 29
 2869
 8
 60
 7346
 410
 58
 142
 193062
182
 61
 2345
 63
 140 9
 18
 20
 49
 11824
 13
 55
 6677
 32
 69
 9166
 403
 55
 292
 90174
183
 76
 3699
 72
 159
 12
 14
 13
 73
 11739
 19
 45
 5696
 33
 121
 9908
 554
 61
 270
 89125
184
 135
 7925
 90
 144
 10
 16
 15
 65
 10380
 33
 64
 4092
 84
 80
 10009
 637
 74
 379
 95252


185
 106
 7849
 88
 110
 15
 17
 12
 88
 10097
 25
 44
 3412
 134
 111
 8532
 513
 99
 310
 95112
186
 98
 6466
 57
 134 9
 21 7
 66
 10009
 26
 53
 3816
 86
 96
 10911
 717
 77
 314
 94201
187
 47
 2633
 46
 232 8
 29
 13
 71
 15395
 24
 74
 10769
 17
 46
 13860
 563
 62
 378
 94727
188
 135
 7799
 46
 255
 13
 27
 14
 79
 15306
 23
 67
 9026
 30
 68
 17656
 892
 101
 438
 98838
189
 174
 11634
 77
 240 7
 44 7
 94
 16698
 32
 84
 5333
 31
 84
 20079
 1189
 132
 718
 93186
190
 152
 9550
 79
 226
 15
 39
 12
 96
 15991
 38
 92
 7145
 26
 67
 14216
 841
 145
 731
 88342
191
 157
 10318
 59
 160 6
 29 9
 118
 14562
 42
 58
 5122
 15
 54
 14204
 790
 72
 451
 84992
192
 147
 14687
 100
 206
 11
 50 8
 111
 14873
 44
 80
 4606
 30
 102
 18207
 1152
 116
 618
 91385
193
 110
 7420
 60
 216
 10
 35
 14
 79
 15418
 53
 77
 7831
 25
 70
 16231
 813
 106
 643
 91072
194
 68
 2578
 72
 265
 11
 47
 28
 44
 13207
 12
 72
 11725
 20
 91
 10421
 331
 42
 347
 87860
195
 102
 7877
 86
 273
 11
 19
 29
 45
 10471
 24
 96
 8482
 13
 298
 15138
 639
 74
 400
 88381
196
 109
 10424
 85
 228
 10
 29
 12
 56
 9702
 21
 72
 6813
 18
 164
 17314
 821
 70
 497
 87216
197
 80
 6066
 76
 260
 14
 24
 20
 50
 10073
 23
 81
 8024
 26
 116
 14661
 550
 70
 355
 84102
198
 84
 6994
 132
 280
 22
 25
 15
 42
 9343
 15
 156
 8958
 15
 136
 12348
 445
 59
 483
 83594
199
 99
 7943
 60
 300
 10
 14 7
 43
 9759
 28
 117
 6618
 27
 215
 19025
 624
 65
 507
 83646
200
 113
 7920
 66
 215
 15
 18 8
 77
 12536
 22
 115
 15544
 36
 180
 13915
 708
 83
 420
 93497
201
 75
 2444
 76
 336
 26
 47
 20
 80
 19252
 19
 69
 9287
 22
 75
 14008
 603
 99
 711
 101606
202
 273
 8078
 67
 316
 15
 31
 12
 115
 13838
 40
 50
 3475
 22
 84
 25077
 1354
 229
 1353
 96330
203
 242
 6521
 51
 360
 18
 26
 19
 92
 9932
 27
 45
 3035
 21
 82
 17990
 1057
 117
 538
 89590
204
 197
 12032
 69
 272
 12
 17
 23
 91
 11304
 37
 67
 4416
 26
 70
 18766
 1128
 147
 733
 92019

205
 77
 5492
 67
 280
 42
 39
 21
 58
 13660
 11
 86
 12092
 30
 90
 14536
 438
 49
 267
 96649
206
 142
 9882
 82
 234
 33
 24 9
 71
 12616
 26
 73
 7739
 25
 98
 16088
 557
 70
 298
 92152
207
 147
 14221
 68
 128
 14
 15 8
 58
 8641
 46
 62
 3398
 56
 85
 17224
 729
 68
 342
 80696
208
 125
 14834
 84
 180 6
 11
 10
 57
 10475
 25
 77
 5114
 19
 71
 19626
 785
 56
 319
 82475
209
 119
 9795
 74
 140 7
 16
 11
 69
 10563
 33
 79
 7089
 22
 64
 18420
 805
 64
 378
 82686
210
 129
 12216
 79
 198 7
 30
 25
 70
 11746
 29
 97
 9370
 26
 86
 17145
 682
 60
 315
 89849
211
 89
 1452
 123
 321
 24
 66
 31
 108
 33047
 26
 180
 11250
 37
 85
 14472
 388
 80
 361
 119232
212
 102
 1529
 98
 386
 30
 68
 35
 137
 35461
 33
 112
 13043
 47
 122
 16928
 510
 85
 401
 132996
213
 100
 1786
 92
 319
 24
 59
 32
 105
 27760
 29
 129
 12235
 38
 98
 15720
 503
 87
 362
 115638
214
 74
 1483
 95
 305
 21
 64
 39
 102
 28313
 16
 102
 11496
 44
 116
 14041
 436
 58
 322
 110245
215
 101
 1915
 96
 298
 22
 58
 30
 97
 24833
 23
 92
 10909
 30
 116
 14607
 522
 77
 346
 106981
216
 99
 1788
 100
 305
 17
 56
 23
 92
 23260
 17
 94
 10349
 41
 95
 13961
 481
 65
 400
 103194
217
 79
 1463
 114
 292
 24
 67
 39
 106
 29534
 24
 75
 11482
 46
 95
 14719
 344
 68
 323
 111541
218
 91
 1663
 103
 269
 25
 55
 17
 108
 26342
 15
 87
 9799
 36
 95
 14100
 383
 83
 298
 101496
219
 92
 2014
 98
 290
 26
 63
 30
 97
 27636
 29
 94
 10724
 42
 116
 15630
 477
 84
 351
 110246
220
 74
 1545
 114
 274
 22
 46
 28
 82
 25457
 28
 75
 9311
 26
 94
 13087
 431
 86
 316
 98248
221
 88
 1113
 130
 291
 44
 68
 34
 127
 33896
 22
 85
 10414
 38
 129
 14128
 352
 90
 296
 117084
222
 92
 1568
 99
 293
 26
 52
 31
 122
 27843
 16
 84
 10161
 32
 84
 12414
 358
 69
 338
 108992
223
 75
 1406
 104
 282
 21
 68
 39
 91
 31007
 27
 80
 9681
 63
 112
 14694
 450
 80
 322
 111060

333 24 186 26 75 7 25 16 37 21424 12 23 3645 9 26 2317 51 31 145 54694